Distance in bp(Fragment Length Estimate: 68)(Peak Width Estimate: 68)	Same Strand (+ for Watson strand, - for Crick)	Opposite Strand
-2000	22768.0	22579.0
-1999	22629.0	22741.0
-1998	22650.0	22553.0
-1997	22659.0	22286.0
-1996	22607.0	22730.0
-1995	22926.0	22602.0
-1994	22828.0	22668.0
-1993	22608.0	22690.0
-1992	22656.0	22829.0
-1991	22326.0	22586.0
-1990	22363.0	22642.0
-1989	22528.0	22940.0
-1988	22590.0	22757.0
-1987	22786.0	22830.0
-1986	22755.0	22881.0
-1985	22637.0	22649.0
-1984	23027.0	22637.0
-1983	22701.0	22442.0
-1982	22513.0	22554.0
-1981	22948.0	22578.0
-1980	22495.0	22740.0
-1979	22550.0	22749.0
-1978	22555.0	22514.0
-1977	22854.0	22711.0
-1976	22734.0	22698.0
-1975	22630.0	22646.0
-1974	22572.0	22525.0
-1973	22615.0	22568.0
-1972	22640.0	22743.0
-1971	22661.0	22657.0
-1970	22899.0	22260.0
-1969	22482.0	22616.0
-1968	22815.0	22586.0
-1967	22518.0	22565.0
-1966	22642.0	22595.0
-1965	22677.0	22457.0
-1964	22612.0	22757.0
-1963	22546.0	22435.0
-1962	22730.0	22598.0
-1961	22311.0	22665.0
-1960	22867.0	22503.0
-1959	22656.0	22830.0
-1958	22725.0	22510.0
-1957	22662.0	22535.0
-1956	22775.0	22622.0
-1955	22637.0	22555.0
-1954	22446.0	22838.0
-1953	22365.0	22867.0
-1952	22550.0	22820.0
-1951	22642.0	22639.0
-1950	22634.0	22642.0
-1949	22666.0	22689.0
-1948	22551.0	22661.0
-1947	22546.0	22792.0
-1946	22765.0	22768.0
-1945	22684.0	22747.0
-1944	22665.0	22799.0
-1943	22594.0	22618.0
-1942	22827.0	22812.0
-1941	22653.0	22529.0
-1940	22664.0	22581.0
-1939	22659.0	22744.0
-1938	22736.0	22873.0
-1937	22625.0	22836.0
-1936	22600.0	22785.0
-1935	22724.0	22683.0
-1934	22437.0	22627.0
-1933	22438.0	22383.0
-1932	22537.0	22674.0
-1931	22711.0	22583.0
-1930	22595.0	22642.0
-1929	22868.0	22788.0
-1928	22635.0	22764.0
-1927	22376.0	22603.0
-1926	22610.0	22724.0
-1925	22687.0	22425.0
-1924	22738.0	22702.0
-1923	22514.0	22478.0
-1922	22552.0	22454.0
-1921	22356.0	22715.0
-1920	22463.0	22637.0
-1919	22622.0	22596.0
-1918	22751.0	22524.0
-1917	22723.0	22739.0
-1916	22756.0	22755.0
-1915	22677.0	22577.0
-1914	22642.0	22811.0
-1913	22458.0	22589.0
-1912	22566.0	22734.0
-1911	22333.0	22706.0
-1910	22615.0	23012.0
-1909	22621.0	22531.0
-1908	22520.0	22512.0
-1907	22465.0	22556.0
-1906	22738.0	22576.0
-1905	22824.0	22562.0
-1904	22682.0	22533.0
-1903	22642.0	22567.0
-1902	22433.0	22652.0
-1901	22654.0	22596.0
-1900	22472.0	22746.0
-1899	22361.0	22405.0
-1898	22536.0	22723.0
-1897	22749.0	22780.0
-1896	22676.0	22573.0
-1895	22553.0	22750.0
-1894	22652.0	22628.0
-1893	22591.0	22690.0
-1892	22693.0	22569.0
-1891	22950.0	22647.0
-1890	22810.0	22727.0
-1889	22294.0	22525.0
-1888	22554.0	22860.0
-1887	22573.0	22688.0
-1886	22515.0	22742.0
-1885	22688.0	22539.0
-1884	22674.0	22918.0
-1883	22708.0	22625.0
-1882	22490.0	22768.0
-1881	22607.0	22559.0
-1880	22527.0	22551.0
-1879	22209.0	22805.0
-1878	22690.0	22668.0
-1877	22455.0	22596.0
-1876	22666.0	22805.0
-1875	22497.0	22736.0
-1874	22603.0	22505.0
-1873	22485.0	22784.0
-1872	22586.0	22909.0
-1871	22576.0	22417.0
-1870	22552.0	22529.0
-1869	22859.0	22598.0
-1868	22583.0	22601.0
-1867	22270.0	22727.0
-1866	22483.0	22548.0
-1865	22669.0	22570.0
-1864	22494.0	22651.0
-1863	22500.0	22768.0
-1862	22877.0	22759.0
-1861	22422.0	22560.0
-1860	22455.0	22794.0
-1859	22446.0	22717.0
-1858	22776.0	22840.0
-1857	22468.0	22773.0
-1856	22590.0	22477.0
-1855	22600.0	22762.0
-1854	22892.0	22578.0
-1853	22650.0	22648.0
-1852	22568.0	22659.0
-1851	22739.0	22443.0
-1850	22725.0	22536.0
-1849	22569.0	22523.0
-1848	22697.0	22871.0
-1847	22680.0	22452.0
-1846	22753.0	22479.0
-1845	22678.0	22536.0
-1844	22626.0	22751.0
-1843	22686.0	22623.0
-1842	22484.0	22605.0
-1841	22767.0	22562.0
-1840	22554.0	22968.0
-1839	22617.0	22555.0
-1838	22558.0	22519.0
-1837	22594.0	22405.0
-1836	22581.0	22690.0
-1835	22623.0	22361.0
-1834	22538.0	22583.0
-1833	22538.0	22722.0
-1832	22706.0	22502.0
-1831	22428.0	22435.0
-1830	22602.0	22483.0
-1829	22384.0	22693.0
-1828	22663.0	22750.0
-1827	22542.0	22558.0
-1826	22699.0	22649.0
-1825	22709.0	22812.0
-1824	22752.0	22656.0
-1823	22618.0	22681.0
-1822	22550.0	22765.0
-1821	22765.0	22805.0
-1820	22754.0	22477.0
-1819	23031.0	22647.0
-1818	22813.0	22702.0
-1817	22680.0	22425.0
-1816	22490.0	22585.0
-1815	22749.0	22465.0
-1814	22508.0	22436.0
-1813	22686.0	22662.0
-1812	22530.0	22296.0
-1811	22535.0	22692.0
-1810	22802.0	22639.0
-1809	22675.0	22709.0
-1808	22659.0	22744.0
-1807	22707.0	22420.0
-1806	22561.0	22463.0
-1805	22490.0	22600.0
-1804	22580.0	22592.0
-1803	22554.0	22328.0
-1802	22553.0	22489.0
-1801	22595.0	22496.0
-1800	22517.0	22524.0
-1799	22398.0	22465.0
-1798	22654.0	22635.0
-1797	22804.0	22382.0
-1796	22368.0	22557.0
-1795	22757.0	22516.0
-1794	22431.0	22763.0
-1793	22892.0	22952.0
-1792	22854.0	22638.0
-1791	22714.0	22966.0
-1790	22476.0	22520.0
-1789	22729.0	22561.0
-1788	22533.0	22429.0
-1787	22845.0	22543.0
-1786	22637.0	22705.0
-1785	22734.0	22779.0
-1784	22379.0	22603.0
-1783	22655.0	22457.0
-1782	22793.0	22452.0
-1781	22409.0	22387.0
-1780	22747.0	22852.0
-1779	22702.0	22749.0
-1778	22537.0	22558.0
-1777	22394.0	22767.0
-1776	22618.0	22637.0
-1775	22946.0	22770.0
-1774	22472.0	22825.0
-1773	22527.0	22462.0
-1772	22546.0	22629.0
-1771	22542.0	22571.0
-1770	22647.0	22600.0
-1769	22599.0	22396.0
-1768	22654.0	22752.0
-1767	22518.0	22443.0
-1766	22731.0	22474.0
-1765	22578.0	22622.0
-1764	22564.0	22551.0
-1763	22605.0	22767.0
-1762	22953.0	22695.0
-1761	22497.0	22498.0
-1760	22811.0	22813.0
-1759	22305.0	22673.0
-1758	22460.0	22695.0
-1757	22725.0	22594.0
-1756	22629.0	22356.0
-1755	22685.0	22794.0
-1754	22612.0	22211.0
-1753	22650.0	22606.0
-1752	22722.0	22844.0
-1751	22610.0	22795.0
-1750	22455.0	22718.0
-1749	22834.0	22540.0
-1748	22715.0	22447.0
-1747	22552.0	22772.0
-1746	22324.0	22472.0
-1745	22700.0	22827.0
-1744	22786.0	22755.0
-1743	22650.0	22586.0
-1742	22773.0	22583.0
-1741	22780.0	22553.0
-1740	22761.0	22660.0
-1739	22890.0	22707.0
-1738	22511.0	22691.0
-1737	22673.0	22684.0
-1736	22581.0	22732.0
-1735	22537.0	22516.0
-1734	22613.0	22857.0
-1733	22883.0	22446.0
-1732	22747.0	22667.0
-1731	22345.0	22758.0
-1730	22633.0	22718.0
-1729	22796.0	22584.0
-1728	22538.0	22500.0
-1727	22654.0	22681.0
-1726	22599.0	22396.0
-1725	22606.0	22580.0
-1724	22655.0	22580.0
-1723	22820.0	22777.0
-1722	22669.0	22458.0
-1721	22622.0	22553.0
-1720	22570.0	22655.0
-1719	22580.0	22753.0
-1718	22542.0	22493.0
-1717	22951.0	22521.0
-1716	22984.0	22485.0
-1715	22579.0	22459.0
-1714	22598.0	22514.0
-1713	22431.0	22751.0
-1712	22574.0	22524.0
-1711	22811.0	22610.0
-1710	22690.0	22828.0
-1709	22747.0	22581.0
-1708	22709.0	22447.0
-1707	22479.0	22695.0
-1706	22608.0	22438.0
-1705	22415.0	22833.0
-1704	22603.0	22564.0
-1703	22584.0	22693.0
-1702	22396.0	22589.0
-1701	22385.0	22232.0
-1700	22518.0	22563.0
-1699	22682.0	22543.0
-1698	22836.0	22616.0
-1697	22737.0	22750.0
-1696	22700.0	22673.0
-1695	22601.0	22693.0
-1694	22552.0	22500.0
-1693	22532.0	22730.0
-1692	22409.0	22572.0
-1691	22765.0	22654.0
-1690	22525.0	22522.0
-1689	22224.0	22710.0
-1688	22648.0	22816.0
-1687	22725.0	22479.0
-1686	22722.0	22676.0
-1685	22558.0	22690.0
-1684	22448.0	22525.0
-1683	22464.0	22440.0
-1682	22715.0	22521.0
-1681	22757.0	22662.0
-1680	22551.0	22559.0
-1679	22681.0	22719.0
-1678	22753.0	22816.0
-1677	22658.0	22426.0
-1676	22627.0	22891.0
-1675	22796.0	22526.0
-1674	22376.0	22717.0
-1673	22692.0	22700.0
-1672	22726.0	22819.0
-1671	22543.0	22444.0
-1670	22470.0	22747.0
-1669	22530.0	22679.0
-1668	22461.0	22701.0
-1667	22647.0	22709.0
-1666	22755.0	22663.0
-1665	22822.0	22660.0
-1664	22710.0	22533.0
-1663	22766.0	22608.0
-1662	22412.0	22569.0
-1661	22591.0	22649.0
-1660	22552.0	22549.0
-1659	22577.0	23000.0
-1658	22360.0	22534.0
-1657	22578.0	22799.0
-1656	22614.0	22771.0
-1655	22586.0	22658.0
-1654	22666.0	22661.0
-1653	22442.0	22618.0
-1652	22797.0	22627.0
-1651	22516.0	22707.0
-1650	22895.0	22674.0
-1649	22628.0	22589.0
-1648	22610.0	22574.0
-1647	22737.0	22598.0
-1646	22521.0	22572.0
-1645	22903.0	22553.0
-1644	22661.0	22727.0
-1643	22574.0	22403.0
-1642	22625.0	22728.0
-1641	22541.0	22651.0
-1640	22760.0	22689.0
-1639	22624.0	22878.0
-1638	22633.0	22406.0
-1637	22675.0	22511.0
-1636	22638.0	22531.0
-1635	22622.0	22489.0
-1634	22699.0	22427.0
-1633	22971.0	22505.0
-1632	22597.0	22482.0
-1631	22692.0	22484.0
-1630	22553.0	22851.0
-1629	22409.0	22815.0
-1628	22537.0	22590.0
-1627	22628.0	22554.0
-1626	22478.0	22599.0
-1625	22703.0	22426.0
-1624	22725.0	22699.0
-1623	22460.0	22465.0
-1622	22603.0	22541.0
-1621	22713.0	22616.0
-1620	22785.0	22667.0
-1619	22768.0	22608.0
-1618	22492.0	22821.0
-1617	22730.0	22853.0
-1616	22447.0	22807.0
-1615	22589.0	22585.0
-1614	22738.0	22199.0
-1613	22560.0	22849.0
-1612	22567.0	22608.0
-1611	22658.0	22469.0
-1610	22710.0	22696.0
-1609	22596.0	22838.0
-1608	22651.0	22706.0
-1607	22751.0	22641.0
-1606	22549.0	22816.0
-1605	22513.0	22718.0
-1604	22322.0	22796.0
-1603	22568.0	22705.0
-1602	22689.0	22667.0
-1601	22733.0	22638.0
-1600	22571.0	22745.0
-1599	22822.0	22768.0
-1598	22724.0	22677.0
-1597	22872.0	22164.0
-1596	22601.0	22704.0
-1595	22753.0	22619.0
-1594	22786.0	22815.0
-1593	22812.0	22817.0
-1592	22574.0	22592.0
-1591	22612.0	22743.0
-1590	22594.0	22578.0
-1589	22720.0	22704.0
-1588	22712.0	22568.0
-1587	22603.0	22581.0
-1586	22308.0	22576.0
-1585	22731.0	22729.0
-1584	22721.0	22520.0
-1583	22571.0	22751.0
-1582	22666.0	22336.0
-1581	22577.0	22416.0
-1580	22633.0	22655.0
-1579	22591.0	22549.0
-1578	22447.0	22589.0
-1577	22795.0	22493.0
-1576	22573.0	22699.0
-1575	22893.0	22600.0
-1574	22513.0	22526.0
-1573	22515.0	22724.0
-1572	22780.0	22833.0
-1571	22387.0	22649.0
-1570	22655.0	22857.0
-1569	22742.0	22743.0
-1568	22783.0	22682.0
-1567	22701.0	22392.0
-1566	22681.0	22563.0
-1565	22557.0	22704.0
-1564	22822.0	22580.0
-1563	22580.0	22547.0
-1562	22602.0	22675.0
-1561	22784.0	22386.0
-1560	22972.0	22855.0
-1559	22722.0	22606.0
-1558	22727.0	22593.0
-1557	22654.0	22669.0
-1556	22426.0	22593.0
-1555	22714.0	22760.0
-1554	22525.0	22832.0
-1553	22615.0	22600.0
-1552	22582.0	22621.0
-1551	22750.0	22511.0
-1550	22718.0	22698.0
-1549	22613.0	22386.0
-1548	22437.0	22630.0
-1547	22603.0	22427.0
-1546	22857.0	22658.0
-1545	22908.0	22800.0
-1544	22654.0	22468.0
-1543	22547.0	22632.0
-1542	22778.0	22492.0
-1541	22469.0	22558.0
-1540	22661.0	22760.0
-1539	22395.0	22516.0
-1538	22547.0	22721.0
-1537	22368.0	22890.0
-1536	22419.0	22510.0
-1535	22638.0	22637.0
-1534	22626.0	22667.0
-1533	22463.0	22837.0
-1532	22586.0	22783.0
-1531	22678.0	22727.0
-1530	22635.0	22669.0
-1529	22736.0	22474.0
-1528	22616.0	22675.0
-1527	22631.0	22430.0
-1526	22769.0	22607.0
-1525	23055.0	22498.0
-1524	22630.0	22738.0
-1523	22645.0	22601.0
-1522	22598.0	22650.0
-1521	22760.0	22419.0
-1520	22629.0	22539.0
-1519	22789.0	22840.0
-1518	22508.0	22523.0
-1517	22588.0	22724.0
-1516	22586.0	22455.0
-1515	22612.0	22540.0
-1514	22497.0	22488.0
-1513	22681.0	22285.0
-1512	22500.0	22558.0
-1511	22677.0	22663.0
-1510	22754.0	22558.0
-1509	22699.0	22749.0
-1508	22427.0	22699.0
-1507	22229.0	22727.0
-1506	22282.0	22788.0
-1505	22474.0	22412.0
-1504	22497.0	22468.0
-1503	22579.0	22559.0
-1502	22117.0	22376.0
-1501	22495.0	22825.0
-1500	22654.0	22604.0
-1499	22754.0	22413.0
-1498	22572.0	22612.0
-1497	22493.0	22579.0
-1496	22663.0	22704.0
-1495	22614.0	22717.0
-1494	22610.0	22713.0
-1493	22374.0	22494.0
-1492	22745.0	22781.0
-1491	22575.0	22773.0
-1490	22564.0	22653.0
-1489	22581.0	22560.0
-1488	22746.0	23008.0
-1487	22593.0	22683.0
-1486	22499.0	22551.0
-1485	22497.0	22724.0
-1484	22530.0	22627.0
-1483	22532.0	22626.0
-1482	22480.0	22633.0
-1481	22684.0	22506.0
-1480	22208.0	22659.0
-1479	22543.0	22838.0
-1478	22195.0	22699.0
-1477	22851.0	22839.0
-1476	22689.0	22572.0
-1475	22477.0	22479.0
-1474	22590.0	22507.0
-1473	22602.0	22453.0
-1472	22618.0	22650.0
-1471	22632.0	22578.0
-1470	22459.0	22764.0
-1469	22569.0	22706.0
-1468	22501.0	22647.0
-1467	22576.0	22550.0
-1466	22366.0	22616.0
-1465	22535.0	22713.0
-1464	22726.0	22932.0
-1463	22463.0	22646.0
-1462	22596.0	22585.0
-1461	22754.0	22616.0
-1460	22677.0	22607.0
-1459	22748.0	22729.0
-1458	22649.0	22292.0
-1457	22551.0	22779.0
-1456	22525.0	22547.0
-1455	22488.0	22507.0
-1454	22589.0	22723.0
-1453	22664.0	22690.0
-1452	22518.0	22925.0
-1451	22505.0	22489.0
-1450	22551.0	22582.0
-1449	22459.0	22688.0
-1448	22649.0	22787.0
-1447	22479.0	22558.0
-1446	22462.0	22852.0
-1445	22302.0	22758.0
-1444	22462.0	22833.0
-1443	22523.0	22705.0
-1442	22539.0	22779.0
-1441	22482.0	22503.0
-1440	22521.0	22497.0
-1439	22822.0	22525.0
-1438	22830.0	22427.0
-1437	23100.0	22538.0
-1436	22760.0	22854.0
-1435	22666.0	22486.0
-1434	22517.0	22336.0
-1433	22759.0	22522.0
-1432	22851.0	22576.0
-1431	22295.0	22629.0
-1430	22776.0	22830.0
-1429	22649.0	22516.0
-1428	22723.0	22625.0
-1427	22626.0	22540.0
-1426	22503.0	22818.0
-1425	22617.0	22737.0
-1424	22516.0	22695.0
-1423	22515.0	22343.0
-1422	22645.0	22653.0
-1421	22622.0	22484.0
-1420	22551.0	22905.0
-1419	22778.0	22728.0
-1418	22599.0	22509.0
-1417	22535.0	22661.0
-1416	22345.0	22477.0
-1415	22681.0	22467.0
-1414	22538.0	22394.0
-1413	22621.0	22709.0
-1412	22599.0	22549.0
-1411	22280.0	22486.0
-1410	22750.0	22757.0
-1409	22409.0	22304.0
-1408	22669.0	22436.0
-1407	22607.0	22908.0
-1406	22609.0	22622.0
-1405	22500.0	22637.0
-1404	22485.0	22663.0
-1403	22573.0	22805.0
-1402	22362.0	22298.0
-1401	22375.0	22539.0
-1400	22423.0	22504.0
-1399	22587.0	22648.0
-1398	22706.0	22349.0
-1397	22558.0	22332.0
-1396	22734.0	22574.0
-1395	22636.0	22655.0
-1394	22461.0	22405.0
-1393	22508.0	22569.0
-1392	22532.0	22598.0
-1391	22358.0	22460.0
-1390	22281.0	22610.0
-1389	22542.0	22739.0
-1388	22566.0	22453.0
-1387	22324.0	22362.0
-1386	22597.0	22228.0
-1385	22543.0	22499.0
-1384	22590.0	22735.0
-1383	22408.0	22514.0
-1382	22650.0	22760.0
-1381	22545.0	22492.0
-1380	22575.0	22614.0
-1379	22625.0	22530.0
-1378	22535.0	22529.0
-1377	22468.0	22600.0
-1376	22616.0	22708.0
-1375	22712.0	22331.0
-1374	22378.0	22463.0
-1373	22559.0	22514.0
-1372	22242.0	22583.0
-1371	22510.0	22627.0
-1370	22451.0	22652.0
-1369	22361.0	22493.0
-1368	22508.0	22539.0
-1367	22416.0	22386.0
-1366	22578.0	22885.0
-1365	22531.0	22505.0
-1364	22454.0	22411.0
-1363	22294.0	22742.0
-1362	22636.0	22769.0
-1361	22813.0	22595.0
-1360	22787.0	22679.0
-1359	22519.0	22848.0
-1358	22551.0	22705.0
-1357	22436.0	22544.0
-1356	22464.0	22403.0
-1355	22425.0	22527.0
-1354	22676.0	22576.0
-1353	22580.0	22487.0
-1352	22388.0	22558.0
-1351	22487.0	22601.0
-1350	22396.0	22495.0
-1349	22686.0	22669.0
-1348	22815.0	22708.0
-1347	22507.0	22577.0
-1346	22766.0	22519.0
-1345	22413.0	22515.0
-1344	22736.0	22428.0
-1343	22850.0	22737.0
-1342	22368.0	22565.0
-1341	22796.0	22430.0
-1340	22709.0	22361.0
-1339	22551.0	22688.0
-1338	22214.0	22688.0
-1337	22372.0	22764.0
-1336	22345.0	22719.0
-1335	22408.0	22376.0
-1334	22454.0	22144.0
-1333	22631.0	22973.0
-1332	22492.0	22590.0
-1331	22482.0	22675.0
-1330	22427.0	22669.0
-1329	22602.0	22654.0
-1328	22609.0	22398.0
-1327	22629.0	22696.0
-1326	22671.0	22691.0
-1325	22425.0	22879.0
-1324	22347.0	22514.0
-1323	22450.0	22755.0
-1322	22472.0	22541.0
-1321	22197.0	22680.0
-1320	22110.0	22697.0
-1319	22290.0	22301.0
-1318	22584.0	22374.0
-1317	22422.0	22843.0
-1316	22311.0	22874.0
-1315	22611.0	22577.0
-1314	22471.0	22319.0
-1313	22598.0	22520.0
-1312	22377.0	22584.0
-1311	22632.0	22594.0
-1310	22619.0	22559.0
-1309	22624.0	22753.0
-1308	22568.0	22564.0
-1307	22750.0	22339.0
-1306	22651.0	22488.0
-1305	22551.0	22274.0
-1304	22420.0	22564.0
-1303	22452.0	22834.0
-1302	22776.0	22511.0
-1301	22715.0	22713.0
-1300	22565.0	22608.0
-1299	22402.0	22271.0
-1298	22541.0	22682.0
-1297	22485.0	22451.0
-1296	22705.0	22728.0
-1295	22537.0	22561.0
-1294	22505.0	22409.0
-1293	22537.0	22364.0
-1292	22531.0	22611.0
-1291	22507.0	22409.0
-1290	22623.0	22616.0
-1289	22376.0	22307.0
-1288	22302.0	22526.0
-1287	22551.0	22610.0
-1286	22562.0	22540.0
-1285	22445.0	22479.0
-1284	22451.0	22738.0
-1283	22609.0	22402.0
-1282	22556.0	22702.0
-1281	22738.0	22640.0
-1280	22334.0	22524.0
-1279	22328.0	22486.0
-1278	22312.0	22648.0
-1277	22272.0	22644.0
-1276	22630.0	22709.0
-1275	22438.0	22583.0
-1274	22484.0	22512.0
-1273	22416.0	22524.0
-1272	22523.0	22634.0
-1271	22544.0	22607.0
-1270	22671.0	22255.0
-1269	22718.0	22528.0
-1268	22566.0	22458.0
-1267	22574.0	22691.0
-1266	22342.0	22602.0
-1265	22793.0	22550.0
-1264	22455.0	22583.0
-1263	22545.0	22592.0
-1262	22763.0	22350.0
-1261	22469.0	22215.0
-1260	22357.0	22583.0
-1259	22478.0	22312.0
-1258	22565.0	22449.0
-1257	22485.0	22358.0
-1256	22482.0	22541.0
-1255	22537.0	22480.0
-1254	22511.0	22620.0
-1253	22608.0	22406.0
-1252	22791.0	22635.0
-1251	22765.0	22508.0
-1250	22491.0	22628.0
-1249	22344.0	22538.0
-1248	22483.0	22656.0
-1247	22582.0	22484.0
-1246	22366.0	22691.0
-1245	22786.0	22623.0
-1244	22638.0	22431.0
-1243	22649.0	22234.0
-1242	22655.0	22631.0
-1241	22593.0	22473.0
-1240	22702.0	22579.0
-1239	22727.0	22348.0
-1238	22824.0	22624.0
-1237	22524.0	22504.0
-1236	22483.0	22623.0
-1235	22611.0	22542.0
-1234	22545.0	22719.0
-1233	22705.0	22537.0
-1232	22413.0	22600.0
-1231	22674.0	22359.0
-1230	22574.0	22412.0
-1229	22465.0	22391.0
-1228	22716.0	22493.0
-1227	22668.0	22198.0
-1226	22337.0	22492.0
-1225	22708.0	22428.0
-1224	22228.0	22548.0
-1223	22723.0	22569.0
-1222	22558.0	22657.0
-1221	22842.0	22516.0
-1220	22735.0	22610.0
-1219	22703.0	22604.0
-1218	22462.0	22391.0
-1217	22762.0	22391.0
-1216	22620.0	22323.0
-1215	22496.0	22275.0
-1214	22765.0	22326.0
-1213	22573.0	22332.0
-1212	22539.0	22549.0
-1211	22353.0	22507.0
-1210	22551.0	22678.0
-1209	22749.0	22389.0
-1208	22448.0	22608.0
-1207	22601.0	22455.0
-1206	22640.0	22773.0
-1205	22695.0	22477.0
-1204	22425.0	22560.0
-1203	22575.0	22553.0
-1202	22554.0	22837.0
-1201	22495.0	22522.0
-1200	22536.0	22488.0
-1199	22473.0	22407.0
-1198	22355.0	22587.0
-1197	22610.0	22545.0
-1196	22551.0	22478.0
-1195	22320.0	22656.0
-1194	22692.0	22532.0
-1193	22699.0	22626.0
-1192	22389.0	22572.0
-1191	22552.0	22931.0
-1190	22438.0	22731.0
-1189	22346.0	22692.0
-1188	22662.0	22586.0
-1187	22745.0	22485.0
-1186	22382.0	22594.0
-1185	22217.0	22832.0
-1184	22366.0	22388.0
-1183	22501.0	22585.0
-1182	22680.0	22656.0
-1181	22516.0	22505.0
-1180	22401.0	22730.0
-1179	22473.0	22340.0
-1178	22278.0	22372.0
-1177	22383.0	22617.0
-1176	22586.0	22480.0
-1175	22422.0	22496.0
-1174	22236.0	22642.0
-1173	22280.0	22505.0
-1172	22747.0	22659.0
-1171	22544.0	22609.0
-1170	22456.0	22428.0
-1169	22714.0	22669.0
-1168	22513.0	22554.0
-1167	22718.0	22698.0
-1166	22696.0	22657.0
-1165	22590.0	22424.0
-1164	22388.0	22539.0
-1163	22539.0	22567.0
-1162	22588.0	22714.0
-1161	22589.0	22618.0
-1160	22497.0	22497.0
-1159	22435.0	22701.0
-1158	22403.0	22858.0
-1157	22483.0	22718.0
-1156	22674.0	22667.0
-1155	22531.0	22440.0
-1154	22588.0	22651.0
-1153	22652.0	22538.0
-1152	22726.0	22674.0
-1151	22360.0	22556.0
-1150	22572.0	22582.0
-1149	22493.0	22807.0
-1148	22735.0	22650.0
-1147	22558.0	22635.0
-1146	22460.0	22578.0
-1145	22365.0	22538.0
-1144	22610.0	22550.0
-1143	22793.0	22699.0
-1142	22783.0	22523.0
-1141	22606.0	22702.0
-1140	22682.0	22869.0
-1139	22356.0	22749.0
-1138	22470.0	22498.0
-1137	22452.0	22486.0
-1136	22669.0	22568.0
-1135	22566.0	22745.0
-1134	22455.0	22582.0
-1133	22794.0	22343.0
-1132	22796.0	22662.0
-1131	22837.0	22305.0
-1130	22650.0	22402.0
-1129	22448.0	22240.0
-1128	22547.0	22583.0
-1127	22435.0	22569.0
-1126	22716.0	22601.0
-1125	22462.0	22481.0
-1124	22432.0	22367.0
-1123	22238.0	22236.0
-1122	22585.0	22587.0
-1121	22755.0	22615.0
-1120	22329.0	22591.0
-1119	22522.0	22511.0
-1118	22506.0	22554.0
-1117	22768.0	22309.0
-1116	22603.0	22466.0
-1115	22562.0	22585.0
-1114	22430.0	22686.0
-1113	22639.0	22494.0
-1112	22386.0	22405.0
-1111	22656.0	22422.0
-1110	22779.0	22480.0
-1109	22583.0	22404.0
-1108	22469.0	22498.0
-1107	22673.0	22135.0
-1106	22580.0	22346.0
-1105	22343.0	22612.0
-1104	22654.0	22267.0
-1103	22618.0	22392.0
-1102	22594.0	22752.0
-1101	22535.0	22538.0
-1100	22474.0	22327.0
-1099	22449.0	22635.0
-1098	22536.0	22468.0
-1097	22594.0	22365.0
-1096	22317.0	22602.0
-1095	22383.0	22631.0
-1094	22739.0	22579.0
-1093	22514.0	22542.0
-1092	22705.0	22537.0
-1091	22343.0	22304.0
-1090	22380.0	22624.0
-1089	22439.0	22557.0
-1088	22604.0	22545.0
-1087	22535.0	22436.0
-1086	22670.0	22572.0
-1085	22441.0	22589.0
-1084	22616.0	22480.0
-1083	22618.0	22577.0
-1082	22751.0	22682.0
-1081	22685.0	22414.0
-1080	22683.0	22560.0
-1079	22529.0	22588.0
-1078	22382.0	22621.0
-1077	22512.0	22560.0
-1076	22548.0	22608.0
-1075	22467.0	22757.0
-1074	22636.0	22788.0
-1073	22432.0	22619.0
-1072	22480.0	22407.0
-1071	22874.0	22378.0
-1070	22689.0	22528.0
-1069	22581.0	22508.0
-1068	22652.0	22698.0
-1067	22695.0	22393.0
-1066	22548.0	22631.0
-1065	22566.0	22537.0
-1064	22603.0	22584.0
-1063	22597.0	22652.0
-1062	22562.0	22601.0
-1061	22549.0	22561.0
-1060	22585.0	22535.0
-1059	22544.0	22501.0
-1058	22329.0	22350.0
-1057	22619.0	22524.0
-1056	22656.0	22847.0
-1055	22911.0	22465.0
-1054	22361.0	22345.0
-1053	22512.0	22779.0
-1052	22526.0	22807.0
-1051	22584.0	22691.0
-1050	22860.0	22446.0
-1049	22720.0	22454.0
-1048	22505.0	22583.0
-1047	22654.0	22376.0
-1046	22645.0	22289.0
-1045	22700.0	22830.0
-1044	22715.0	22579.0
-1043	22663.0	22423.0
-1042	22841.0	22229.0
-1041	22583.0	22783.0
-1040	22812.0	22685.0
-1039	22675.0	22616.0
-1038	22624.0	22582.0
-1037	22671.0	22580.0
-1036	22718.0	22305.0
-1035	22375.0	22618.0
-1034	22744.0	22338.0
-1033	22553.0	22626.0
-1032	22530.0	22708.0
-1031	22680.0	22696.0
-1030	22373.0	22650.0
-1029	22529.0	22577.0
-1028	22533.0	22409.0
-1027	22603.0	22395.0
-1026	22427.0	22595.0
-1025	22653.0	22632.0
-1024	22505.0	22857.0
-1023	22460.0	22460.0
-1022	22675.0	22679.0
-1021	22236.0	22658.0
-1020	22516.0	22760.0
-1019	22624.0	22665.0
-1018	22084.0	22610.0
-1017	22596.0	22429.0
-1016	22506.0	22599.0
-1015	22760.0	22715.0
-1014	22365.0	22588.0
-1013	22559.0	22534.0
-1012	22453.0	22557.0
-1011	22502.0	22530.0
-1010	22605.0	22595.0
-1009	22672.0	22745.0
-1008	22588.0	22667.0
-1007	22571.0	22648.0
-1006	22566.0	22633.0
-1005	22591.0	22709.0
-1004	22519.0	22597.0
-1003	22580.0	22793.0
-1002	22590.0	22745.0
-1001	22738.0	22798.0
-1000	22754.0	22604.0
-999	22687.0	22769.0
-998	22460.0	22501.0
-997	22484.0	22594.0
-996	22532.0	22686.0
-995	22664.0	22748.0
-994	22495.0	22520.0
-993	22525.0	22833.0
-992	22271.0	22410.0
-991	22595.0	22583.0
-990	22385.0	22550.0
-989	22520.0	22447.0
-988	22486.0	22479.0
-987	22570.0	22606.0
-986	22626.0	22766.0
-985	22645.0	22581.0
-984	22362.0	22720.0
-983	22559.0	22425.0
-982	22476.0	22660.0
-981	22399.0	22561.0
-980	22467.0	22733.0
-979	22416.0	22423.0
-978	22480.0	22652.0
-977	22378.0	22620.0
-976	22736.0	22571.0
-975	22538.0	22565.0
-974	22679.0	22469.0
-973	22710.0	22471.0
-972	22755.0	22283.0
-971	22567.0	22414.0
-970	22362.0	22717.0
-969	22593.0	22701.0
-968	22569.0	22866.0
-967	22560.0	22483.0
-966	22456.0	22434.0
-965	22518.0	22351.0
-964	22439.0	22457.0
-963	22756.0	22623.0
-962	22597.0	22625.0
-961	22457.0	22385.0
-960	22730.0	22330.0
-959	22709.0	22387.0
-958	22700.0	22551.0
-957	22454.0	22493.0
-956	22462.0	22627.0
-955	22547.0	22584.0
-954	22631.0	22616.0
-953	22519.0	22583.0
-952	22620.0	22412.0
-951	22693.0	22219.0
-950	22458.0	22547.0
-949	22782.0	22659.0
-948	22819.0	22704.0
-947	22767.0	22673.0
-946	22539.0	22592.0
-945	22806.0	22436.0
-944	22547.0	22607.0
-943	22637.0	22751.0
-942	22516.0	22651.0
-941	22689.0	22602.0
-940	22545.0	22369.0
-939	22589.0	22504.0
-938	22338.0	22351.0
-937	22461.0	22442.0
-936	22596.0	22628.0
-935	22891.0	22316.0
-934	22595.0	22401.0
-933	22510.0	22642.0
-932	22689.0	22734.0
-931	22428.0	22632.0
-930	22342.0	22348.0
-929	22748.0	22411.0
-928	22559.0	22812.0
-927	22560.0	22761.0
-926	22720.0	22511.0
-925	22313.0	22487.0
-924	22529.0	22637.0
-923	22609.0	22399.0
-922	22520.0	22631.0
-921	22575.0	22481.0
-920	22822.0	22238.0
-919	22532.0	22646.0
-918	22629.0	22442.0
-917	22734.0	22606.0
-916	22694.0	22610.0
-915	22591.0	22580.0
-914	22572.0	22301.0
-913	22413.0	22739.0
-912	22529.0	22307.0
-911	22681.0	22448.0
-910	22400.0	22503.0
-909	23013.0	22306.0
-908	22695.0	22529.0
-907	22358.0	22498.0
-906	22888.0	22656.0
-905	22355.0	22650.0
-904	22502.0	22639.0
-903	22429.0	22491.0
-902	22598.0	22911.0
-901	22737.0	22456.0
-900	22890.0	22543.0
-899	22533.0	22334.0
-898	22551.0	22372.0
-897	22361.0	22302.0
-896	22668.0	22532.0
-895	22441.0	22384.0
-894	22416.0	22364.0
-893	22311.0	22499.0
-892	22337.0	22748.0
-891	22512.0	22540.0
-890	22348.0	22416.0
-889	22365.0	22414.0
-888	22358.0	22620.0
-887	22450.0	22682.0
-886	22529.0	22703.0
-885	22343.0	22465.0
-884	22572.0	22613.0
-883	22624.0	22593.0
-882	22560.0	22509.0
-881	22506.0	22601.0
-880	22855.0	22510.0
-879	22433.0	22611.0
-878	22581.0	22479.0
-877	22440.0	22636.0
-876	22425.0	22638.0
-875	22756.0	22607.0
-874	22472.0	22938.0
-873	22580.0	22863.0
-872	22352.0	22808.0
-871	22562.0	22533.0
-870	22556.0	22833.0
-869	22596.0	22525.0
-868	22521.0	22542.0
-867	22374.0	22663.0
-866	22391.0	22552.0
-865	22688.0	22460.0
-864	22737.0	22537.0
-863	22708.0	22853.0
-862	22428.0	22467.0
-861	22396.0	22700.0
-860	22716.0	22857.0
-859	22396.0	22913.0
-858	22478.0	22731.0
-857	22593.0	22652.0
-856	22717.0	22845.0
-855	22671.0	22645.0
-854	22651.0	22471.0
-853	22587.0	22572.0
-852	22461.0	22632.0
-851	22684.0	22743.0
-850	22652.0	22525.0
-849	22813.0	22412.0
-848	22469.0	22724.0
-847	22373.0	22575.0
-846	22521.0	22554.0
-845	22356.0	22633.0
-844	22536.0	22781.0
-843	22615.0	22694.0
-842	22655.0	22364.0
-841	22336.0	22624.0
-840	22637.0	22774.0
-839	22305.0	22571.0
-838	22645.0	22677.0
-837	22584.0	22433.0
-836	22694.0	22444.0
-835	22635.0	22376.0
-834	22742.0	22406.0
-833	22628.0	22767.0
-832	22433.0	22494.0
-831	22448.0	22352.0
-830	22388.0	22465.0
-829	22708.0	22508.0
-828	22576.0	22544.0
-827	22715.0	22691.0
-826	22421.0	22371.0
-825	22241.0	22608.0
-824	22466.0	22572.0
-823	22692.0	22596.0
-822	22502.0	22565.0
-821	22571.0	22350.0
-820	22341.0	22535.0
-819	22547.0	22187.0
-818	22340.0	22624.0
-817	22679.0	22477.0
-816	22774.0	22171.0
-815	22535.0	22507.0
-814	22644.0	22601.0
-813	22647.0	22718.0
-812	22891.0	22586.0
-811	22636.0	22799.0
-810	22380.0	22535.0
-809	22532.0	22241.0
-808	22642.0	22495.0
-807	22544.0	22413.0
-806	22419.0	22393.0
-805	22507.0	22526.0
-804	22659.0	22326.0
-803	22503.0	22901.0
-802	22639.0	22613.0
-801	22865.0	22412.0
-800	22611.0	22377.0
-799	22716.0	22385.0
-798	22795.0	22453.0
-797	22621.0	22191.0
-796	22720.0	22170.0
-795	22585.0	22436.0
-794	22546.0	22464.0
-793	22458.0	22478.0
-792	22529.0	22423.0
-791	22633.0	22169.0
-790	22731.0	22557.0
-789	22600.0	22638.0
-788	22712.0	22168.0
-787	22863.0	22280.0
-786	22870.0	22495.0
-785	22641.0	22539.0
-784	22387.0	22588.0
-783	22556.0	22587.0
-782	22566.0	22657.0
-781	22787.0	22515.0
-780	22521.0	22133.0
-779	22778.0	22451.0
-778	22412.0	22405.0
-777	22517.0	22396.0
-776	22493.0	22401.0
-775	22633.0	22069.0
-774	22817.0	22183.0
-773	22699.0	22538.0
-772	22604.0	22264.0
-771	22758.0	22550.0
-770	22583.0	21950.0
-769	22608.0	22484.0
-768	22555.0	22437.0
-767	22616.0	22248.0
-766	22430.0	22271.0
-765	22707.0	22327.0
-764	22756.0	22403.0
-763	22565.0	22481.0
-762	22889.0	22564.0
-761	22810.0	22258.0
-760	22533.0	22395.0
-759	22687.0	22306.0
-758	22771.0	22404.0
-757	22652.0	22613.0
-756	22621.0	22556.0
-755	22783.0	21971.0
-754	22749.0	22511.0
-753	22857.0	22364.0
-752	22544.0	22690.0
-751	22646.0	22236.0
-750	22741.0	22572.0
-749	22775.0	22423.0
-748	22857.0	22510.0
-747	22370.0	22435.0
-746	22772.0	22260.0
-745	22531.0	22574.0
-744	22528.0	22524.0
-743	22736.0	22587.0
-742	22710.0	22467.0
-741	22565.0	22332.0
-740	22738.0	22633.0
-739	22752.0	22681.0
-738	22540.0	22383.0
-737	22567.0	22300.0
-736	22551.0	22468.0
-735	22647.0	22546.0
-734	22760.0	22650.0
-733	22649.0	22404.0
-732	22591.0	22437.0
-731	22770.0	22293.0
-730	22629.0	22568.0
-729	22450.0	22417.0
-728	22644.0	22477.0
-727	22646.0	22522.0
-726	22572.0	22397.0
-725	22705.0	22461.0
-724	22584.0	22606.0
-723	22704.0	22716.0
-722	23021.0	22603.0
-721	22810.0	22649.0
-720	22768.0	22679.0
-719	22545.0	22587.0
-718	22670.0	22571.0
-717	22637.0	22781.0
-716	22330.0	22702.0
-715	22612.0	22772.0
-714	22944.0	22854.0
-713	22593.0	22482.0
-712	22672.0	22726.0
-711	22742.0	22481.0
-710	22445.0	22633.0
-709	22824.0	22392.0
-708	22672.0	22750.0
-707	22662.0	22730.0
-706	22633.0	22811.0
-705	22583.0	22823.0
-704	22737.0	22671.0
-703	22742.0	22591.0
-702	22608.0	22596.0
-701	22304.0	22582.0
-700	22680.0	22377.0
-699	22546.0	22692.0
-698	22692.0	22736.0
-697	22938.0	22487.0
-696	22875.0	22662.0
-695	22732.0	22702.0
-694	22667.0	22450.0
-693	22715.0	22762.0
-692	22769.0	22765.0
-691	22574.0	22505.0
-690	22755.0	22726.0
-689	22420.0	22864.0
-688	22466.0	22767.0
-687	22808.0	22734.0
-686	22633.0	22666.0
-685	22532.0	22753.0
-684	22715.0	22712.0
-683	22647.0	22814.0
-682	22901.0	22751.0
-681	22968.0	22812.0
-680	22598.0	22587.0
-679	22256.0	22754.0
-678	22578.0	22507.0
-677	22756.0	22499.0
-676	22562.0	22498.0
-675	22428.0	22772.0
-674	22583.0	22623.0
-673	22740.0	22666.0
-672	22712.0	23023.0
-671	22806.0	22703.0
-670	22805.0	22659.0
-669	22875.0	22876.0
-668	22649.0	22565.0
-667	22835.0	22457.0
-666	22948.0	22583.0
-665	22846.0	22606.0
-664	22882.0	22867.0
-663	22736.0	22574.0
-662	22876.0	22634.0
-661	22602.0	22512.0
-660	22748.0	22418.0
-659	22859.0	22266.0
-658	22571.0	22650.0
-657	22884.0	22417.0
-656	22881.0	22610.0
-655	22800.0	22562.0
-654	22739.0	22490.0
-653	22817.0	22237.0
-652	22800.0	22571.0
-651	22664.0	22534.0
-650	22825.0	22546.0
-649	22546.0	22333.0
-648	22818.0	22385.0
-647	22816.0	22367.0
-646	22474.0	22748.0
-645	22684.0	22463.0
-644	22761.0	22522.0
-643	22570.0	22610.0
-642	22724.0	22652.0
-641	22816.0	22263.0
-640	22687.0	22503.0
-639	22861.0	22596.0
-638	22934.0	22550.0
-637	22978.0	22676.0
-636	22757.0	22545.0
-635	22910.0	22263.0
-634	22831.0	22539.0
-633	22744.0	22353.0
-632	22680.0	22275.0
-631	22780.0	22548.0
-630	22853.0	22465.0
-629	22693.0	22401.0
-628	23036.0	22223.0
-627	22749.0	22591.0
-626	22671.0	22604.0
-625	22843.0	22563.0
-624	22609.0	22434.0
-623	22824.0	22379.0
-622	22755.0	22376.0
-621	22973.0	22271.0
-620	22642.0	22381.0
-619	22618.0	22248.0
-618	22637.0	22211.0
-617	22816.0	22322.0
-616	22809.0	22376.0
-615	22964.0	22509.0
-614	23018.0	22560.0
-613	22760.0	22714.0
-612	22759.0	22672.0
-611	22906.0	22620.0
-610	22709.0	22388.0
-609	22805.0	22340.0
-608	22745.0	22294.0
-607	22968.0	22586.0
-606	23079.0	22476.0
-605	22697.0	22491.0
-604	22799.0	22447.0
-603	22647.0	22198.0
-602	22899.0	22438.0
-601	22778.0	22303.0
-600	22825.0	22413.0
-599	22746.0	22295.0
-598	22875.0	22459.0
-597	22921.0	22374.0
-596	22788.0	22576.0
-595	22900.0	22464.0
-594	22787.0	22606.0
-593	22927.0	22604.0
-592	23021.0	22621.0
-591	22919.0	22528.0
-590	22884.0	22511.0
-589	22806.0	22288.0
-588	22858.0	22555.0
-587	22744.0	22431.0
-586	22667.0	22543.0
-585	22797.0	22617.0
-584	22615.0	22622.0
-583	22771.0	22634.0
-582	23005.0	22803.0
-581	22814.0	22590.0
-580	22898.0	22707.0
-579	22908.0	22234.0
-578	23050.0	22445.0
-577	22871.0	22655.0
-576	22880.0	22704.0
-575	22963.0	22610.0
-574	22863.0	22743.0
-573	22834.0	22535.0
-572	22994.0	22869.0
-571	22525.0	22544.0
-570	22776.0	22650.0
-569	22854.0	22562.0
-568	23293.0	22671.0
-567	23027.0	22585.0
-566	22738.0	22656.0
-565	22905.0	22767.0
-564	22639.0	22488.0
-563	22749.0	22504.0
-562	22776.0	22997.0
-561	22833.0	22671.0
-560	23140.0	22656.0
-559	23136.0	22800.0
-558	22855.0	22588.0
-557	22802.0	22774.0
-556	22690.0	22550.0
-555	23023.0	22710.0
-554	22783.0	22781.0
-553	22693.0	22805.0
-552	22720.0	22846.0
-551	22893.0	22723.0
-550	22933.0	22735.0
-549	22839.0	22997.0
-548	22899.0	22916.0
-547	22671.0	22816.0
-546	22707.0	22663.0
-545	22903.0	22830.0
-544	23004.0	23014.0
-543	22964.0	22668.0
-542	23060.0	22679.0
-541	22935.0	22828.0
-540	22813.0	22906.0
-539	23111.0	23004.0
-538	23032.0	22613.0
-537	23138.0	22745.0
-536	22915.0	22599.0
-535	23091.0	22930.0
-534	23110.0	22772.0
-533	23056.0	22762.0
-532	23173.0	23011.0
-531	23067.0	22931.0
-530	22993.0	22839.0
-529	23172.0	23025.0
-528	22874.0	23024.0
-527	23180.0	22824.0
-526	23064.0	22753.0
-525	22980.0	23174.0
-524	23059.0	23103.0
-523	23044.0	22694.0
-522	22949.0	22898.0
-521	22923.0	22776.0
-520	23086.0	23024.0
-519	22913.0	23106.0
-518	22912.0	23048.0
-517	23196.0	22926.0
-516	23167.0	22945.0
-515	22730.0	22883.0
-514	23078.0	22968.0
-513	23040.0	22994.0
-512	23341.0	22979.0
-511	23091.0	23211.0
-510	23216.0	22977.0
-509	22901.0	23004.0
-508	22879.0	22963.0
-507	23215.0	22822.0
-506	22905.0	22910.0
-505	23029.0	23050.0
-504	23094.0	23137.0
-503	23190.0	23094.0
-502	23192.0	23011.0
-501	22998.0	23034.0
-500	22979.0	22895.0
-499	23192.0	22887.0
-498	22981.0	22717.0
-497	22808.0	22913.0
-496	23047.0	22959.0
-495	22983.0	22864.0
-494	23125.0	22863.0
-493	23250.0	22960.0
-492	23168.0	22979.0
-491	23063.0	23069.0
-490	23051.0	23096.0
-489	23312.0	22842.0
-488	23071.0	22713.0
-487	22924.0	22871.0
-486	23121.0	22979.0
-485	22966.0	22668.0
-484	22930.0	23127.0
-483	23013.0	22552.0
-482	23186.0	22778.0
-481	23323.0	22693.0
-480	23089.0	22861.0
-479	23043.0	22561.0
-478	23010.0	22695.0
-477	23149.0	22765.0
-476	23180.0	22768.0
-475	23325.0	23029.0
-474	23295.0	22442.0
-473	22956.0	22584.0
-472	22964.0	22605.0
-471	23058.0	22692.0
-470	23028.0	22614.0
-469	23144.0	22604.0
-468	23150.0	22415.0
-467	23044.0	22731.0
-466	22924.0	22697.0
-465	23082.0	22447.0
-464	23216.0	22677.0
-463	23219.0	22730.0
-462	23348.0	22543.0
-461	23269.0	22655.0
-460	23313.0	22600.0
-459	23262.0	22653.0
-458	23238.0	22781.0
-457	23203.0	22560.0
-456	23129.0	22802.0
-455	23185.0	22775.0
-454	23205.0	22690.0
-453	23035.0	22500.0
-452	23148.0	22520.0
-451	22998.0	22356.0
-450	23231.0	22508.0
-449	23090.0	22747.0
-448	22858.0	22409.0
-447	23109.0	22506.0
-446	23161.0	22683.0
-445	22948.0	22576.0
-444	23231.0	22751.0
-443	23282.0	22566.0
-442	23223.0	22842.0
-441	23249.0	22851.0
-440	23133.0	22893.0
-439	23322.0	22676.0
-438	23260.0	22767.0
-437	23188.0	22831.0
-436	23410.0	22619.0
-435	23364.0	22669.0
-434	23164.0	22763.0
-433	23120.0	22695.0
-432	23156.0	22535.0
-431	22994.0	22929.0
-430	23216.0	22608.0
-429	23149.0	22950.0
-428	23453.0	22847.0
-427	23365.0	22683.0
-426	23315.0	22691.0
-425	23394.0	22812.0
-424	23140.0	22599.0
-423	23312.0	22638.0
-422	23116.0	22650.0
-421	23299.0	22604.0
-420	23137.0	22716.0
-419	23034.0	22672.0
-418	23115.0	22810.0
-417	23142.0	22778.0
-416	23069.0	22876.0
-415	23207.0	22704.0
-414	23262.0	22780.0
-413	23302.0	22915.0
-412	23341.0	22860.0
-411	23118.0	22817.0
-410	23202.0	22783.0
-409	23126.0	22571.0
-408	23044.0	23010.0
-407	23369.0	22974.0
-406	23408.0	22759.0
-405	23073.0	22933.0
-404	23164.0	22615.0
-403	23069.0	22861.0
-402	23364.0	22938.0
-401	23179.0	22913.0
-400	23193.0	22906.0
-399	23404.0	23083.0
-398	23342.0	23150.0
-397	23192.0	22873.0
-396	23211.0	23221.0
-395	23322.0	22958.0
-394	23200.0	22888.0
-393	23097.0	23180.0
-392	23035.0	23116.0
-391	23192.0	23085.0
-390	23150.0	23052.0
-389	23175.0	23080.0
-388	23223.0	23439.0
-387	23348.0	23128.0
-386	23270.0	23340.0
-385	23083.0	23599.0
-384	23452.0	23465.0
-383	23495.0	23220.0
-382	23287.0	23122.0
-381	23358.0	23041.0
-380	23387.0	23329.0
-379	23590.0	23277.0
-378	23515.0	23314.0
-377	23241.0	23148.0
-376	23351.0	23152.0
-375	23301.0	23344.0
-374	23277.0	23177.0
-373	23471.0	23325.0
-372	23349.0	23214.0
-371	23379.0	23203.0
-370	23152.0	23182.0
-369	23387.0	23238.0
-368	23463.0	23252.0
-367	23464.0	23528.0
-366	23610.0	23236.0
-365	23610.0	23464.0
-364	23428.0	23463.0
-363	23733.0	23593.0
-362	23740.0	23364.0
-361	23571.0	23321.0
-360	23685.0	23434.0
-359	23482.0	23322.0
-358	23281.0	23517.0
-357	23457.0	23244.0
-356	23513.0	23488.0
-355	23510.0	23600.0
-354	23539.0	23874.0
-353	23576.0	23456.0
-352	23456.0	23536.0
-351	23376.0	23577.0
-350	23565.0	23517.0
-349	23451.0	23331.0
-348	23460.0	23412.0
-347	23630.0	23354.0
-346	23229.0	23487.0
-345	23502.0	23340.0
-344	23710.0	23410.0
-343	23666.0	23681.0
-342	23410.0	23319.0
-341	23366.0	23602.0
-340	23721.0	23347.0
-339	23595.0	23196.0
-338	23716.0	23334.0
-337	23447.0	23376.0
-336	23553.0	23489.0
-335	23582.0	23069.0
-334	23546.0	23349.0
-333	23557.0	23183.0
-332	23526.0	23165.0
-331	23731.0	23139.0
-330	23682.0	23337.0
-329	23682.0	23357.0
-328	23531.0	23470.0
-327	23626.0	23250.0
-326	23612.0	23189.0
-325	23739.0	23291.0
-324	23768.0	23058.0
-323	23650.0	23122.0
-322	23491.0	23663.0
-321	24001.0	23212.0
-320	23786.0	23013.0
-319	23384.0	23048.0
-318	23548.0	23141.0
-317	23751.0	23029.0
-316	23729.0	23317.0
-315	23670.0	22847.0
-314	23748.0	23085.0
-313	23495.0	22826.0
-312	23598.0	23141.0
-311	23528.0	22993.0
-310	23928.0	23000.0
-309	23494.0	23226.0
-308	23596.0	22940.0
-307	23407.0	23016.0
-306	23574.0	23190.0
-305	23612.0	23257.0
-304	23837.0	22994.0
-303	23905.0	23105.0
-302	23578.0	22663.0
-301	23808.0	23047.0
-300	23559.0	23025.0
-299	23530.0	22989.0
-298	23693.0	23012.0
-297	23807.0	22885.0
-296	23694.0	22687.0
-295	23776.0	22942.0
-294	23538.0	23204.0
-293	23530.0	23083.0
-292	23439.0	22813.0
-291	23664.0	22938.0
-290	23614.0	22934.0
-289	23678.0	23093.0
-288	23790.0	22979.0
-287	23835.0	22976.0
-286	23586.0	23104.0
-285	23786.0	23162.0
-284	23831.0	23098.0
-283	23849.0	23179.0
-282	23884.0	23187.0
-281	23910.0	22823.0
-280	23603.0	22772.0
-279	23168.0	22986.0
-278	23721.0	23286.0
-277	23873.0	23111.0
-276	23745.0	23069.0
-275	23843.0	22996.0
-274	23780.0	22898.0
-273	23702.0	23221.0
-272	23579.0	22978.0
-271	23874.0	23038.0
-270	23866.0	23081.0
-269	24053.0	23340.0
-268	23855.0	23150.0
-267	23813.0	23164.0
-266	23780.0	22972.0
-265	23843.0	23170.0
-264	23897.0	23249.0
-263	23810.0	23012.0
-262	23933.0	23227.0
-261	24042.0	23126.0
-260	23632.0	23065.0
-259	23871.0	23318.0
-258	23751.0	22984.0
-257	24039.0	23090.0
-256	24025.0	23243.0
-255	24085.0	23072.0
-254	23825.0	23107.0
-253	24157.0	23328.0
-252	24032.0	23210.0
-251	24122.0	23147.0
-250	23886.0	22929.0
-249	24165.0	23119.0
-248	24079.0	23065.0
-247	23901.0	23314.0
-246	24115.0	23186.0
-245	23854.0	23100.0
-244	23869.0	23168.0
-243	23931.0	23364.0
-242	24347.0	23021.0
-241	23796.0	23115.0
-240	24069.0	23419.0
-239	23879.0	23437.0
-238	24190.0	23405.0
-237	24279.0	23300.0
-236	23989.0	23477.0
-235	24197.0	23368.0
-234	24044.0	23483.0
-233	24128.0	23618.0
-232	23951.0	23485.0
-231	23973.0	23508.0
-230	23931.0	23551.0
-229	23908.0	23704.0
-228	24188.0	23578.0
-227	24158.0	23363.0
-226	24087.0	23814.0
-225	24116.0	23733.0
-224	24087.0	23532.0
-223	24278.0	23402.0
-222	24154.0	23497.0
-221	24028.0	23634.0
-220	24070.0	23822.0
-219	24039.0	23620.0
-218	24142.0	23892.0
-217	24273.0	24025.0
-216	24164.0	23711.0
-215	24422.0	23940.0
-214	24371.0	23759.0
-213	24143.0	23526.0
-212	24485.0	23844.0
-211	24342.0	23756.0
-210	24391.0	23695.0
-209	24583.0	23804.0
-208	24372.0	23670.0
-207	24677.0	23746.0
-206	24152.0	24083.0
-205	24447.0	23981.0
-204	24466.0	24013.0
-203	24483.0	23912.0
-202	24533.0	23932.0
-201	24368.0	23768.0
-200	24700.0	23868.0
-199	24567.0	24054.0
-198	24605.0	24148.0
-197	24688.0	24081.0
-196	24753.0	24263.0
-195	24827.0	23875.0
-194	24945.0	24087.0
-193	24564.0	24312.0
-192	24645.0	23995.0
-191	24677.0	24161.0
-190	24904.0	23956.0
-189	24776.0	24001.0
-188	24598.0	24365.0
-187	24835.0	24243.0
-186	24822.0	24246.0
-185	24707.0	24248.0
-184	25011.0	24248.0
-183	25158.0	24421.0
-182	24884.0	24225.0
-181	24861.0	24342.0
-180	25046.0	24439.0
-179	25054.0	24017.0
-178	25163.0	23982.0
-177	24959.0	24139.0
-176	25112.0	24191.0
-175	25137.0	24184.0
-174	25072.0	24277.0
-173	25099.0	24307.0
-172	25225.0	24267.0
-171	24934.0	24473.0
-170	25112.0	24007.0
-169	25099.0	24365.0
-168	25159.0	24220.0
-167	25041.0	24214.0
-166	24893.0	24097.0
-165	25089.0	24170.0
-164	24977.0	24241.0
-163	25293.0	24176.0
-162	24889.0	24230.0
-161	25229.0	24155.0
-160	25072.0	24035.0
-159	25218.0	23807.0
-158	24789.0	24025.0
-157	24937.0	24268.0
-156	24988.0	23901.0
-155	25129.0	24033.0
-154	24954.0	23825.0
-153	24851.0	24034.0
-152	24948.0	23984.0
-151	24984.0	24119.0
-150	24930.0	24091.0
-149	25048.0	23840.0
-148	24814.0	23969.0
-147	24864.0	23841.0
-146	25007.0	24245.0
-145	25299.0	24041.0
-144	25261.0	23898.0
-143	24814.0	24017.0
-142	24972.0	23708.0
-141	24821.0	23589.0
-140	25151.0	24044.0
-139	25055.0	23959.0
-138	25212.0	23877.0
-137	25281.0	23949.0
-136	25167.0	24084.0
-135	25096.0	23686.0
-134	24815.0	23955.0
-133	25264.0	23881.0
-132	25056.0	23737.0
-131	24990.0	23932.0
-130	24991.0	23881.0
-129	25175.0	23855.0
-128	25072.0	23581.0
-127	25365.0	23874.0
-126	25180.0	23975.0
-125	24984.0	23681.0
-124	24921.0	24021.0
-123	25211.0	23833.0
-122	25365.0	23620.0
-121	25092.0	23886.0
-120	25219.0	23820.0
-119	25456.0	23755.0
-118	25419.0	23963.0
-117	25412.0	24099.0
-116	25155.0	23915.0
-115	25654.0	23787.0
-114	25416.0	23865.0
-113	25575.0	23835.0
-112	25541.0	23797.0
-111	25561.0	23812.0
-110	26041.0	23834.0
-109	25637.0	23994.0
-108	25687.0	23872.0
-107	25659.0	24009.0
-106	25654.0	24064.0
-105	25934.0	24044.0
-104	25949.0	24066.0
-103	25762.0	24124.0
-102	25901.0	24138.0
-101	25903.0	23945.0
-100	25963.0	24034.0
-99	26152.0	24307.0
-98	26262.0	23876.0
-97	26019.0	24322.0
-96	26074.0	24212.0
-95	26122.0	24171.0
-94	25932.0	24097.0
-93	26135.0	24235.0
-92	26422.0	23985.0
-91	26177.0	24119.0
-90	26399.0	24169.0
-89	26240.0	24014.0
-88	26517.0	24014.0
-87	26365.0	24266.0
-86	26244.0	24122.0
-85	26300.0	24063.0
-84	26672.0	24286.0
-83	26348.0	24519.0
-82	26501.0	24552.0
-81	26672.0	24403.0
-80	26297.0	24490.0
-79	26646.0	24477.0
-78	26502.0	24629.0
-77	26466.0	24514.0
-76	26803.0	24441.0
-75	27025.0	24642.0
-74	26821.0	24570.0
-73	27032.0	24553.0
-72	27068.0	24609.0
-71	26938.0	24397.0
-70	27301.0	24668.0
-69	27151.0	24610.0
-68	27053.0	24735.0
-67	27174.0	24865.0
-66	27028.0	24699.0
-65	27007.0	24720.0
-64	26973.0	24853.0
-63	27043.0	24783.0
-62	27069.0	24999.0
-61	26945.0	24970.0
-60	26939.0	24681.0
-59	26986.0	24902.0
-58	26798.0	24947.0
-57	26751.0	25159.0
-56	26675.0	25006.0
-55	27003.0	24851.0
-54	27153.0	25212.0
-53	26915.0	25089.0
-52	27129.0	25095.0
-51	27291.0	25129.0
-50	27286.0	25457.0
-49	27222.0	25303.0
-48	27005.0	25307.0
-47	27046.0	25361.0
-46	27093.0	25204.0
-45	27376.0	25478.0
-44	27601.0	25326.0
-43	27582.0	25380.0
-42	27636.0	25448.0
-41	27397.0	25417.0
-40	27579.0	25700.0
-39	27846.0	25646.0
-38	28178.0	25653.0
-37	28125.0	26074.0
-36	28133.0	25893.0
-35	28100.0	25960.0
-34	28182.0	26055.0
-33	28962.0	26067.0
-32	28846.0	25710.0
-31	28829.0	26294.0
-30	29158.0	26176.0
-29	28967.0	26099.0
-28	28809.0	25890.0
-27	28952.0	26251.0
-26	28899.0	25973.0
-25	28921.0	26348.0
-24	29064.0	26201.0
-23	29447.0	26555.0
-22	29310.0	26456.0
-21	29898.0	26692.0
-20	29752.0	26610.0
-19	29946.0	26972.0
-18	30169.0	27271.0
-17	30316.0	26959.0
-16	30220.0	27330.0
-15	30573.0	27393.0
-14	30824.0	27348.0
-13	31077.0	28130.0
-12	31041.0	27897.0
-11	31237.0	28119.0
-10	31459.0	28291.0
-9	31720.0	28370.0
-8	31559.0	28359.0
-7	31804.0	29032.0
-6	31646.0	29776.0
-5	32115.0	29681.0
-4	32520.0	29764.0
-3	33399.0	33673.0
-2	38547.0	37044.0
-1	47249.0	47801.0
0	1243.0	34056.0
1	46692.0	25978.0
2	38079.0	23009.0
3	33615.0	23132.0
4	32774.0	23673.0
5	32145.0	24325.0
6	31825.0	25082.0
7	31570.0	25636.0
8	31890.0	26325.0
9	31923.0	26059.0
10	31417.0	26007.0
11	31383.0	26080.0
12	31425.0	26130.0
13	31131.0	26083.0
14	31032.0	26123.0
15	30768.0	25786.0
16	30472.0	25800.0
17	30373.0	26278.0
18	30240.0	26404.0
19	30268.0	26617.0
20	30122.0	26402.0
21	29742.0	26475.0
22	29603.0	26327.0
23	29377.0	26335.0
24	29412.0	26625.0
25	28827.0	27135.0
26	29076.0	27363.0
27	29355.0	27678.0
28	29135.0	27755.0
29	28869.0	28186.0
30	29182.0	28075.0
31	28754.0	28543.0
32	28713.0	28869.0
33	28791.0	28684.0
34	28479.0	28757.0
35	28013.0	29042.0
36	28337.0	29520.0
37	28234.0	29985.0
38	28093.0	30013.0
39	27891.0	30523.0
40	27752.0	30621.0
41	27817.0	31180.0
42	27823.0	31355.0
43	27636.0	31857.0
44	27539.0	32001.0
45	27388.0	32473.0
46	27269.0	32667.0
47	27450.0	33269.0
48	27268.0	33452.0
49	27139.0	34310.0
50	27411.0	34609.0
51	26900.0	34909.0
52	27109.0	35645.0
53	27406.0	36040.0
54	27213.0	36507.0
55	27277.0	37177.0
56	27359.0	37757.0
57	27284.0	37607.0
58	26925.0	38376.0
59	27098.0	39094.0
60	27242.0	39212.0
61	26976.0	39551.0
62	27175.0	39467.0
63	27106.0	39707.0
64	27102.0	39590.0
65	27047.0	39846.0
66	27019.0	39836.0
67	27041.0	40294.0
68	27382.0	40408.0
69	27095.0	40240.0
70	27359.0	39991.0
71	27116.0	39806.0
72	26948.0	39730.0
73	26867.0	39106.0
74	26744.0	39276.0
75	27232.0	38948.0
76	26605.0	38445.0
77	26960.0	38376.0
78	26768.0	38209.0
79	26815.0	37862.0
80	26628.0	37616.0
81	26743.0	36956.0
82	26665.0	36747.0
83	26708.0	36426.0
84	26571.0	36006.0
85	26573.0	35247.0
86	26221.0	35482.0
87	26240.0	34968.0
88	26195.0	35103.0
89	26365.0	34531.0
90	26664.0	34660.0
91	26252.0	33983.0
92	26215.0	34183.0
93	26351.0	33464.0
94	25975.0	33411.0
95	26171.0	33116.0
96	26137.0	32757.0
97	26015.0	32614.0
98	26165.0	32389.0
99	26080.0	31800.0
100	26010.0	31662.0
101	25965.0	31568.0
102	25726.0	30861.0
103	25878.0	30787.0
104	25577.0	30452.0
105	25566.0	30232.0
106	25637.0	30103.0
107	25403.0	29918.0
108	25481.0	29721.0
109	25601.0	29734.0
110	25583.0	29731.0
111	25714.0	29322.0
112	25558.0	29222.0
113	25563.0	29217.0
114	25503.0	28977.0
115	25143.0	29036.0
116	25540.0	28653.0
117	25424.0	28456.0
118	25189.0	28572.0
119	25318.0	28708.0
120	25393.0	28316.0
121	25270.0	28196.0
122	25280.0	28158.0
123	25306.0	28035.0
124	25097.0	27942.0
125	25286.0	27689.0
126	25133.0	27835.0
127	25230.0	27737.0
128	25015.0	27789.0
129	25003.0	27619.0
130	25001.0	27809.0
131	25140.0	27278.0
132	25218.0	27925.0
133	25049.0	27550.0
134	25350.0	27571.0
135	25567.0	27468.0
136	25047.0	27350.0
137	24911.0	27333.0
138	25014.0	27212.0
139	24959.0	27320.0
140	25147.0	27389.0
141	24995.0	27008.0
142	24984.0	26964.0
143	25415.0	27072.0
144	24939.0	26972.0
145	24753.0	26545.0
146	24814.0	27169.0
147	25007.0	26844.0
148	25013.0	27257.0
149	25018.0	27154.0
150	25014.0	27111.0
151	24983.0	26761.0
152	24851.0	27211.0
153	24825.0	27225.0
154	24940.0	27095.0
155	24805.0	27345.0
156	24982.0	27307.0
157	25052.0	27172.0
158	24647.0	27148.0
159	25237.0	27054.0
160	25287.0	27091.0
161	25091.0	27256.0
162	25392.0	27313.0
163	24983.0	26864.0
164	25089.0	27455.0
165	25214.0	27038.0
166	25130.0	26632.0
167	25064.0	27192.0
168	25262.0	26860.0
169	25069.0	26862.0
170	25186.0	26728.0
171	25109.0	26942.0
172	25233.0	26800.0
173	25167.0	26862.0
174	25106.0	26892.0
175	25395.0	26800.0
176	25141.0	26628.0
177	24904.0	26519.0
178	25352.0	26272.0
179	25189.0	26291.0
180	24908.0	26497.0
181	24925.0	26374.0
182	24902.0	26196.0
183	24938.0	26246.0
184	24819.0	26406.0
185	24796.0	26334.0
186	24970.0	26116.0
187	24949.0	26301.0
188	24686.0	26147.0
189	25163.0	26194.0
190	24866.0	25886.0
191	24564.0	26110.0
192	24852.0	25853.0
193	24571.0	25982.0
194	24639.0	25753.0
195	24792.0	26130.0
196	24508.0	25838.0
197	24796.0	26042.0
198	24705.0	25528.0
199	24709.0	25910.0
200	24724.0	25621.0
201	24658.0	25758.0
202	24338.0	25735.0
203	24394.0	25660.0
204	24571.0	25639.0
205	24113.0	25563.0
206	24473.0	25691.0
207	24517.0	25335.0
208	24337.0	25288.0
209	24368.0	25496.0
210	24402.0	25697.0
211	24199.0	25294.0
212	24246.0	25495.0
213	24366.0	25731.0
214	24282.0	25711.0
215	24205.0	25603.0
216	24302.0	25712.0
217	24239.0	25243.0
218	24040.0	25445.0
219	24381.0	25559.0
220	24132.0	25577.0
221	24238.0	25519.0
222	24175.0	25447.0
223	24208.0	25588.0
224	24332.0	25632.0
225	24245.0	25527.0
226	24176.0	25531.0
227	24198.0	25412.0
228	24013.0	25565.0
229	23894.0	25477.0
230	23889.0	25551.0
231	24390.0	25685.0
232	24030.0	25747.0
233	23918.0	25512.0
234	23995.0	25269.0
235	23984.0	25470.0
236	24251.0	25657.0
237	23918.0	25539.0
238	24182.0	25509.0
239	24005.0	25576.0
240	24002.0	25701.0
241	23986.0	25445.0
242	24195.0	25591.0
243	23908.0	25592.0
244	24092.0	25590.0
245	24053.0	25516.0
246	24190.0	25443.0
247	23982.0	25851.0
248	24047.0	25567.0
249	23751.0	25651.0
250	23866.0	25588.0
251	23899.0	25376.0
252	24139.0	25697.0
253	24111.0	25724.0
254	24048.0	25724.0
255	23995.0	25629.0
256	24023.0	25571.0
257	23610.0	25593.0
258	24106.0	25486.0
259	23696.0	25356.0
260	23880.0	25453.0
261	23843.0	25239.0
262	24029.0	25289.0
263	24079.0	25709.0
264	23642.0	25473.0
265	23740.0	25392.0
266	23985.0	25351.0
267	23883.0	25279.0
268	23963.0	25139.0
269	23801.0	25445.0
270	23793.0	25133.0
271	23724.0	25131.0
272	23700.0	25432.0
273	23595.0	25135.0
274	23694.0	25028.0
275	23919.0	25530.0
276	23784.0	24983.0
277	23847.0	24972.0
278	24200.0	25140.0
279	23931.0	24929.0
280	23770.0	25058.0
281	23416.0	24900.0
282	23674.0	25155.0
283	23839.0	25025.0
284	23883.0	24848.0
285	23970.0	24763.0
286	23727.0	24691.0
287	23796.0	24573.0
288	23756.0	24792.0
289	23668.0	24438.0
290	23360.0	24601.0
291	23570.0	24785.0
292	23472.0	24776.0
293	23646.0	24824.0
294	23620.0	24391.0
295	23790.0	24583.0
296	23579.0	24804.0
297	23676.0	24375.0
298	23636.0	24386.0
299	23391.0	24515.0
300	23611.0	24690.0
301	23598.0	24573.0
302	23607.0	24512.0
303	23723.0	24476.0
304	23744.0	24097.0
305	23259.0	24331.0
306	23496.0	24571.0
307	23828.0	24490.0
308	23893.0	24628.0
309	23374.0	24313.0
310	23602.0	24281.0
311	23671.0	24336.0
312	23481.0	24276.0
313	23532.0	24423.0
314	23389.0	24160.0
315	24025.0	24172.0
316	23689.0	24202.0
317	23579.0	24368.0
318	23720.0	24284.0
319	23603.0	24107.0
320	23377.0	24249.0
321	23643.0	24082.0
322	23548.0	24220.0
323	23588.0	24446.0
324	23575.0	24282.0
325	23890.0	24136.0
326	23618.0	23864.0
327	23501.0	24043.0
328	23420.0	24102.0
329	23740.0	24131.0
330	23749.0	24257.0
331	23317.0	24208.0
332	23469.0	24167.0
333	23659.0	24016.0
334	23739.0	24272.0
335	23790.0	23971.0
336	23794.0	23782.0
337	23801.0	24024.0
338	23674.0	23867.0
339	23633.0	24167.0
340	23455.0	24175.0
341	23558.0	23877.0
342	23637.0	24055.0
343	23532.0	24090.0
344	23603.0	23802.0
345	23724.0	24031.0
346	23831.0	23915.0
347	23666.0	24203.0
348	23480.0	24174.0
349	23582.0	23846.0
350	23653.0	23946.0
351	23955.0	23952.0
352	23671.0	23851.0
353	23506.0	23891.0
354	23661.0	23726.0
355	23705.0	23837.0
356	23365.0	23929.0
357	23475.0	23958.0
358	23509.0	23949.0
359	23491.0	23938.0
360	23482.0	23882.0
361	23285.0	23632.0
362	23420.0	23769.0
363	23241.0	23789.0
364	23378.0	23701.0
365	23061.0	23724.0
366	23063.0	23527.0
367	23526.0	23759.0
368	23444.0	23921.0
369	23541.0	23772.0
370	23344.0	23827.0
371	23359.0	23975.0
372	23458.0	23530.0
373	23318.0	23622.0
374	23575.0	23624.0
375	23484.0	23745.0
376	23355.0	23710.0
377	23427.0	23957.0
378	23517.0	23962.0
379	23363.0	23868.0
380	23485.0	23783.0
381	23343.0	23505.0
382	23247.0	23732.0
383	23405.0	23980.0
384	23406.0	23817.0
385	23108.0	23716.0
386	23248.0	23843.0
387	23334.0	23848.0
388	23118.0	23727.0
389	23235.0	23738.0
390	23190.0	23599.0
391	23168.0	23877.0
392	23138.0	23840.0
393	23167.0	23670.0
394	23182.0	23690.0
395	23331.0	23899.0
396	23094.0	23628.0
397	23277.0	24046.0
398	23366.0	23850.0
399	23420.0	23767.0
400	23351.0	23870.0
401	23307.0	23839.0
402	23034.0	23796.0
403	23147.0	23667.0
404	23038.0	23688.0
405	22982.0	23802.0
406	23310.0	23871.0
407	23243.0	24058.0
408	23105.0	23997.0
409	23197.0	23943.0
410	23305.0	23890.0
411	23195.0	23870.0
412	23205.0	23755.0
413	23173.0	23954.0
414	23298.0	23709.0
415	23196.0	24096.0
416	23263.0	23937.0
417	23284.0	24005.0
418	23357.0	23872.0
419	23264.0	23945.0
420	23326.0	23566.0
421	23231.0	23841.0
422	23172.0	23915.0
423	23035.0	24067.0
424	23249.0	23984.0
425	23235.0	23927.0
426	23511.0	23775.0
427	23203.0	23776.0
428	23357.0	23877.0
429	23382.0	23859.0
430	23287.0	23646.0
431	23167.0	23683.0
432	23191.0	23805.0
433	23321.0	23747.0
434	23290.0	23737.0
435	23047.0	23676.0
436	23208.0	23625.0
437	23028.0	23606.0
438	23216.0	23703.0
439	23303.0	23929.0
440	23404.0	23746.0
441	23104.0	23550.0
442	23461.0	23592.0
443	23388.0	24001.0
444	23016.0	23700.0
445	23079.0	23625.0
446	23041.0	23509.0
447	23301.0	23693.0
448	23310.0	23865.0
449	23173.0	23713.0
450	23141.0	23412.0
451	23192.0	23602.0
452	23289.0	23668.0
453	23442.0	23526.0
454	23113.0	23441.0
455	23053.0	23513.0
456	22893.0	23524.0
457	23107.0	23587.0
458	22875.0	23525.0
459	22912.0	23209.0
460	23358.0	23496.0
461	22680.0	23547.0
462	22948.0	23494.0
463	23013.0	23451.0
464	22899.0	23273.0
465	23270.0	23518.0
466	22890.0	23553.0
467	22938.0	23515.0
468	22949.0	23601.0
469	22814.0	23785.0
470	22956.0	23600.0
471	23359.0	23430.0
472	23035.0	23444.0
473	22844.0	23428.0
474	23297.0	23419.0
475	23030.0	23231.0
476	22952.0	23370.0
477	23095.0	23412.0
478	23345.0	23304.0
479	23239.0	23234.0
480	23055.0	23337.0
481	23034.0	23410.0
482	23208.0	23392.0
483	23118.0	23356.0
484	23029.0	23242.0
485	23066.0	23088.0
486	23223.0	23103.0
487	23101.0	23466.0
488	22981.0	22982.0
489	23135.0	23132.0
490	23077.0	23252.0
491	23167.0	23296.0
492	22894.0	23200.0
493	23246.0	23229.0
494	22896.0	23228.0
495	23208.0	23355.0
496	23063.0	23377.0
497	22871.0	23368.0
498	23263.0	23344.0
499	23070.0	23237.0
500	23099.0	23240.0
501	22860.0	23275.0
502	22977.0	23075.0
503	23192.0	23358.0
504	22792.0	23277.0
505	22945.0	23538.0
506	23082.0	23086.0
507	23094.0	22813.0
508	23079.0	23141.0
509	23057.0	23416.0
510	23104.0	23262.0
511	22844.0	23013.0
512	22583.0	23381.0
513	23119.0	23324.0
514	22890.0	23063.0
515	22823.0	23211.0
516	22937.0	23411.0
517	23186.0	23158.0
518	23154.0	23030.0
519	22748.0	23130.0
520	22935.0	22945.0
521	23121.0	23013.0
522	23014.0	23115.0
523	22877.0	23342.0
524	23220.0	23091.0
525	23148.0	23239.0
526	22957.0	23105.0
527	23087.0	23114.0
528	23295.0	23121.0
529	22873.0	23330.0
530	22836.0	22997.0
531	22953.0	23229.0
532	22572.0	23133.0
533	22755.0	23281.0
534	22948.0	23235.0
535	22662.0	23278.0
536	22954.0	23186.0
537	22917.0	23141.0
538	22956.0	23007.0
539	22960.0	23249.0
540	23294.0	23163.0
541	22948.0	23168.0
542	22737.0	23171.0
543	22921.0	23058.0
544	22589.0	23197.0
545	22848.0	23348.0
546	23075.0	23155.0
547	22856.0	23041.0
548	22932.0	23300.0
549	22986.0	23089.0
550	22704.0	23047.0
551	22788.0	23282.0
552	22776.0	23043.0
553	23043.0	23219.0
554	22728.0	23147.0
555	23048.0	23058.0
556	22816.0	23286.0
557	23006.0	23203.0
558	22900.0	23072.0
559	22966.0	23123.0
560	22907.0	22990.0
561	23068.0	23139.0
562	22935.0	23117.0
563	22755.0	23256.0
564	22744.0	23170.0
565	22717.0	23042.0
566	22893.0	23339.0
567	22869.0	23155.0
568	22931.0	23316.0
569	22662.0	23165.0
570	22971.0	23086.0
571	22767.0	23184.0
572	22765.0	23275.0
573	22818.0	23294.0
574	22783.0	23181.0
575	22721.0	23269.0
576	22945.0	23207.0
577	22809.0	23195.0
578	22926.0	23250.0
579	22837.0	23144.0
580	22655.0	23229.0
581	22755.0	23308.0
582	22842.0	23055.0
583	22871.0	23179.0
584	23167.0	23230.0
585	22756.0	23376.0
586	22760.0	22912.0
587	23010.0	23197.0
588	22802.0	23442.0
589	23074.0	23367.0
590	22817.0	23184.0
591	22768.0	23409.0
592	22853.0	23552.0
593	22848.0	22973.0
594	22838.0	23211.0
595	22929.0	23191.0
596	22748.0	23296.0
597	22762.0	23309.0
598	22967.0	23339.0
599	22884.0	23283.0
600	22780.0	23361.0
601	23014.0	23065.0
602	22533.0	23433.0
603	22788.0	23377.0
604	22601.0	23069.0
605	22772.0	23417.0
606	22880.0	23318.0
607	22786.0	23264.0
608	22883.0	23284.0
609	22769.0	22996.0
610	22636.0	23080.0
611	22731.0	23178.0
612	22747.0	23125.0
613	22650.0	23061.0
614	22628.0	23180.0
615	22893.0	23334.0
616	22726.0	22952.0
617	22954.0	23103.0
618	22917.0	22761.0
619	22778.0	23024.0
620	22539.0	23075.0
621	22596.0	22852.0
622	22533.0	23056.0
623	22628.0	22916.0
624	22549.0	22829.0
625	22726.0	23127.0
626	23035.0	23125.0
627	23050.0	22865.0
628	22723.0	22979.0
629	22638.0	23065.0
630	22808.0	22874.0
631	22834.0	23244.0
632	22863.0	23077.0
633	22769.0	22888.0
634	22596.0	23194.0
635	22692.0	22728.0
636	22774.0	23013.0
637	22553.0	23098.0
638	22679.0	22857.0
639	22688.0	23091.0
640	22792.0	23200.0
641	22731.0	23176.0
642	22747.0	22809.0
643	22569.0	22987.0
644	22407.0	22720.0
645	22566.0	22764.0
646	22768.0	23088.0
647	22490.0	23113.0
648	22735.0	22938.0
649	22682.0	23032.0
650	22595.0	22967.0
651	22573.0	22920.0
652	22707.0	23086.0
653	22705.0	22809.0
654	22780.0	22597.0
655	22572.0	22859.0
656	22779.0	22750.0
657	22826.0	22997.0
658	22152.0	22688.0
659	22488.0	23011.0
660	22690.0	23029.0
661	22780.0	22808.0
662	22607.0	22646.0
663	22719.0	22967.0
664	22469.0	22832.0
665	22894.0	22636.0
666	22403.0	22627.0
667	22599.0	22926.0
668	22727.0	23005.0
669	22623.0	22833.0
670	22688.0	22995.0
671	22660.0	22893.0
672	22851.0	22895.0
673	22950.0	22357.0
674	22668.0	22662.0
675	22594.0	22640.0
676	22571.0	22904.0
677	22861.0	22831.0
678	22764.0	22804.0
679	22757.0	22765.0
680	22668.0	22780.0
681	22634.0	22799.0
682	22645.0	22686.0
683	22402.0	22862.0
684	22679.0	22635.0
685	22736.0	22965.0
686	22691.0	22793.0
687	22370.0	23070.0
688	22915.0	22758.0
689	22478.0	22665.0
690	22784.0	22974.0
691	22740.0	22608.0
692	22649.0	22586.0
693	22705.0	22308.0
694	22636.0	22632.0
695	22793.0	22787.0
696	22515.0	22671.0
697	22830.0	22917.0
698	22611.0	22733.0
699	22444.0	22854.0
700	22734.0	22810.0
701	22466.0	22963.0
702	22488.0	22677.0
703	22668.0	22814.0
704	22655.0	22951.0
705	22718.0	22833.0
706	22423.0	22886.0
707	22578.0	22973.0
708	22974.0	22970.0
709	22477.0	23041.0
710	22495.0	22515.0
711	22706.0	22669.0
712	22442.0	22445.0
713	22637.0	22646.0
714	22523.0	22828.0
715	22829.0	22713.0
716	22621.0	22959.0
717	22681.0	22869.0
718	22583.0	22668.0
719	22641.0	22879.0
720	22571.0	22910.0
721	22610.0	23006.0
722	22455.0	22956.0
723	22615.0	22782.0
724	22488.0	22642.0
725	22365.0	22728.0
726	22751.0	22835.0
727	22521.0	22764.0
728	22461.0	22829.0
729	22543.0	22622.0
730	22597.0	22808.0
731	22787.0	22738.0
732	22701.0	22735.0
733	22461.0	23000.0
734	22684.0	22657.0
735	22465.0	22692.0
736	22386.0	22802.0
737	22576.0	22819.0
738	22480.0	22706.0
739	22385.0	22666.0
740	22750.0	22967.0
741	22350.0	22635.0
742	22475.0	22959.0
743	22321.0	22878.0
744	22511.0	23001.0
745	22452.0	22876.0
746	22636.0	22881.0
747	22740.0	22865.0
748	22472.0	23012.0
749	22464.0	22935.0
750	22417.0	22950.0
751	22589.0	23079.0
752	22717.0	22848.0
753	22406.0	22757.0
754	22540.0	22972.0
755	22582.0	22705.0
756	22676.0	22805.0
757	22445.0	22783.0
758	22729.0	22716.0
759	22566.0	22625.0
760	22763.0	22715.0
761	22593.0	22946.0
762	22706.0	22742.0
763	22555.0	22886.0
764	22590.0	22514.0
765	22576.0	22817.0
766	22560.0	22815.0
767	22642.0	22730.0
768	22596.0	22872.0
769	22699.0	22840.0
770	22799.0	22899.0
771	23059.0	22623.0
772	22616.0	22908.0
773	22836.0	22844.0
774	22684.0	22701.0
775	22455.0	22624.0
776	22405.0	22822.0
777	22550.0	22739.0
778	22793.0	22897.0
779	22702.0	23147.0
780	22663.0	23158.0
781	22606.0	22925.0
782	22434.0	23011.0
783	22887.0	22754.0
784	22690.0	23122.0
785	22864.0	22665.0
786	22852.0	22788.0
787	22527.0	22710.0
788	22773.0	22835.0
789	22637.0	22506.0
790	22541.0	22709.0
791	22567.0	22864.0
792	22492.0	22782.0
793	22430.0	22537.0
794	22303.0	22765.0
795	22727.0	22861.0
796	22810.0	22847.0
797	22742.0	22803.0
798	22468.0	22879.0
799	22384.0	22805.0
800	22421.0	22776.0
801	22591.0	22726.0
802	22554.0	23119.0
803	22668.0	22716.0
804	22404.0	22597.0
805	22697.0	22587.0
806	22631.0	22642.0
807	22550.0	22688.0
808	22640.0	22434.0
809	22605.0	22725.0
810	22742.0	22691.0
811	22586.0	22908.0
812	22521.0	23094.0
813	22348.0	22616.0
814	22725.0	22746.0
815	22441.0	22618.0
816	22613.0	22469.0
817	22563.0	22559.0
818	22466.0	22805.0
819	22593.0	22631.0
820	22652.0	22869.0
821	22484.0	22523.0
822	22583.0	22709.0
823	22602.0	22561.0
824	22346.0	22654.0
825	22772.0	22503.0
826	22743.0	22657.0
827	22683.0	22553.0
828	22498.0	22510.0
829	22707.0	22852.0
830	22077.0	22479.0
831	22332.0	22679.0
832	22541.0	22679.0
833	22759.0	22661.0
834	22768.0	22728.0
835	22486.0	22775.0
836	22699.0	22748.0
837	22765.0	22611.0
838	22521.0	22660.0
839	22353.0	22820.0
840	22785.0	22662.0
841	22613.0	22289.0
842	22389.0	22808.0
843	22616.0	22465.0
844	22284.0	22645.0
845	22800.0	22596.0
846	22428.0	22913.0
847	22526.0	22526.0
848	22421.0	22555.0
849	22568.0	22858.0
850	22921.0	22451.0
851	22412.0	22280.0
852	22537.0	22802.0
853	22638.0	22396.0
854	22199.0	22646.0
855	22471.0	22611.0
856	22518.0	22495.0
857	22196.0	22577.0
858	22488.0	22762.0
859	22534.0	22574.0
860	22468.0	22884.0
861	22540.0	22645.0
862	22570.0	22561.0
863	22574.0	22586.0
864	22472.0	22652.0
865	22607.0	22620.0
866	22589.0	22780.0
867	22475.0	22715.0
868	22537.0	22768.0
869	22479.0	22550.0
870	22630.0	22723.0
871	22478.0	22511.0
872	22675.0	22363.0
873	22540.0	22591.0
874	22765.0	22572.0
875	22547.0	22849.0
876	22558.0	22532.0
877	22621.0	22944.0
878	22175.0	22402.0
879	22602.0	22427.0
880	22660.0	22409.0
881	22586.0	22464.0
882	22394.0	22712.0
883	22750.0	22794.0
884	22479.0	22602.0
885	22664.0	22713.0
886	22320.0	22826.0
887	22334.0	22922.0
888	22363.0	22782.0
889	22289.0	22508.0
890	22533.0	22568.0
891	22238.0	22572.0
892	22464.0	22332.0
893	22531.0	22611.0
894	22526.0	22620.0
895	22642.0	22476.0
896	22527.0	22696.0
897	22696.0	22609.0
898	22338.0	22583.0
899	22489.0	22604.0
900	22361.0	22525.0
901	22529.0	22568.0
902	22715.0	22574.0
903	22606.0	22624.0
904	22470.0	22678.0
905	22545.0	22682.0
906	22720.0	22763.0
907	22460.0	22637.0
908	22549.0	22475.0
909	22559.0	22745.0
910	22350.0	22338.0
911	22463.0	22788.0
912	22593.0	22465.0
913	22519.0	22780.0
914	22834.0	22788.0
915	22471.0	22634.0
916	22455.0	22941.0
917	22640.0	22552.0
918	22495.0	22747.0
919	22547.0	22495.0
920	22477.0	22674.0
921	22608.0	22628.0
922	22618.0	22563.0
923	22518.0	22569.0
924	22716.0	22869.0
925	22761.0	22599.0
926	22635.0	22566.0
927	22336.0	22695.0
928	22521.0	22550.0
929	22579.0	22713.0
930	22800.0	22512.0
931	22812.0	22801.0
932	22355.0	22934.0
933	22705.0	22679.0
934	22463.0	22465.0
935	22701.0	22703.0
936	22769.0	22666.0
937	22652.0	22643.0
938	22823.0	22694.0
939	22676.0	22679.0
940	22451.0	22735.0
941	22478.0	22711.0
942	22562.0	22627.0
943	22602.0	22447.0
944	22743.0	22592.0
945	22604.0	22768.0
946	22720.0	22667.0
947	22720.0	22518.0
948	22581.0	22749.0
949	22517.0	22596.0
950	22412.0	22499.0
951	22462.0	22432.0
952	22687.0	22828.0
953	22614.0	22540.0
954	22684.0	22472.0
955	22494.0	22551.0
956	22495.0	22805.0
957	22619.0	22637.0
958	22487.0	22652.0
959	22606.0	22755.0
960	22692.0	22654.0
961	22810.0	22443.0
962	22831.0	22648.0
963	22443.0	22542.0
964	22507.0	22478.0
965	22530.0	22449.0
966	22691.0	22635.0
967	22554.0	22723.0
968	22528.0	22867.0
969	22590.0	22573.0
970	22715.0	22636.0
971	22532.0	22440.0
972	22368.0	22711.0
973	22534.0	22863.0
974	22489.0	22712.0
975	22619.0	22607.0
976	22514.0	22342.0
977	22388.0	22573.0
978	22537.0	22759.0
979	22618.0	22569.0
980	22695.0	22840.0
981	22643.0	22552.0
982	22549.0	22486.0
983	22490.0	22662.0
984	22530.0	22725.0
985	22641.0	22576.0
986	22655.0	22540.0
987	22567.0	22551.0
988	22567.0	22303.0
989	22394.0	22601.0
990	22633.0	22839.0
991	22621.0	22738.0
992	22568.0	22387.0
993	22460.0	22710.0
994	22652.0	22496.0
995	22586.0	22687.0
996	22646.0	22629.0
997	22809.0	22733.0
998	22640.0	22682.0
999	22482.0	22745.0
1000	22482.0	22464.0
1001	23042.0	22403.0
1002	22832.0	22641.0
1003	22863.0	22288.0
1004	22748.0	22570.0
1005	22428.0	22758.0
1006	22619.0	22407.0
1007	22673.0	22625.0
1008	22607.0	22332.0
1009	22448.0	22832.0
1010	22496.0	22522.0
1011	22492.0	22348.0
1012	22591.0	22706.0
1013	22791.0	22670.0
1014	22755.0	22475.0
1015	22659.0	22640.0
1016	22570.0	22567.0
1017	22754.0	22652.0
1018	22573.0	22630.0
1019	22464.0	22410.0
1020	22692.0	22641.0
1021	22646.0	22699.0
1022	22555.0	22732.0
1023	22543.0	22561.0
1024	22502.0	22352.0
1025	22601.0	22549.0
1026	22476.0	22769.0
1027	22707.0	22528.0
1028	22216.0	22478.0
1029	22580.0	22714.0
1030	22688.0	22841.0
1031	22604.0	22395.0
1032	22627.0	22582.0
1033	22432.0	22942.0
1034	22790.0	22657.0
1035	22542.0	22735.0
1036	22360.0	22500.0
1037	22600.0	22534.0
1038	22563.0	22472.0
1039	22616.0	22516.0
1040	22373.0	22812.0
1041	22482.0	22525.0
1042	22619.0	22578.0
1043	22559.0	22409.0
1044	22608.0	22742.0
1045	22486.0	22327.0
1046	22441.0	22578.0
1047	22492.0	22786.0
1048	22785.0	22598.0
1049	22466.0	22279.0
1050	22600.0	22594.0
1051	22592.0	22484.0
1052	22566.0	22455.0
1053	22760.0	22461.0
1054	22596.0	22551.0
1055	22992.0	22585.0
1056	22475.0	22531.0
1057	22588.0	22726.0
1058	22744.0	22606.0
1059	22328.0	22595.0
1060	22655.0	22978.0
1061	22687.0	22726.0
1062	22531.0	22635.0
1063	22806.0	22627.0
1064	22588.0	22570.0
1065	22771.0	22893.0
1066	22633.0	22751.0
1067	22587.0	22546.0
1068	22487.0	22782.0
1069	22712.0	22661.0
1070	22188.0	22691.0
1071	22735.0	22490.0
1072	22586.0	22558.0
1073	22466.0	22667.0
1074	22660.0	22664.0
1075	22467.0	22595.0
1076	22795.0	22748.0
1077	22584.0	22785.0
1078	22811.0	22717.0
1079	22407.0	22483.0
1080	22488.0	22684.0
1081	22489.0	22768.0
1082	22751.0	22701.0
1083	22563.0	22669.0
1084	22401.0	22554.0
1085	22537.0	22418.0
1086	22540.0	22337.0
1087	22278.0	22694.0
1088	22280.0	22417.0
1089	22388.0	22456.0
1090	22689.0	22510.0
1091	22583.0	22601.0
1092	22645.0	22465.0
1093	22368.0	22666.0
1094	22596.0	22761.0
1095	22720.0	22659.0
1096	22545.0	22503.0
1097	22460.0	22583.0
1098	22655.0	22397.0
1099	22540.0	22889.0
1100	22683.0	22656.0
1101	22617.0	23074.0
1102	22584.0	22367.0
1103	22593.0	22544.0
1104	22441.0	22708.0
1105	22385.0	22719.0
1106	22423.0	22529.0
1107	22579.0	22764.0
1108	22570.0	22277.0
1109	22777.0	22648.0
1110	22381.0	22839.0
1111	22773.0	22708.0
1112	22537.0	22747.0
1113	22568.0	22784.0
1114	22594.0	22800.0
1115	22409.0	22807.0
1116	22580.0	22471.0
1117	22498.0	22822.0
1118	22264.0	22729.0
1119	22607.0	22620.0
1120	22624.0	22606.0
1121	22476.0	22920.0
1122	22317.0	22652.0
1123	22856.0	22502.0
1124	22538.0	22640.0
1125	22551.0	22496.0
1126	22295.0	22418.0
1127	22795.0	22528.0
1128	22716.0	22474.0
1129	22594.0	22475.0
1130	22529.0	22485.0
1131	22749.0	22361.0
1132	22378.0	22531.0
1133	22542.0	22952.0
1134	22569.0	22789.0
1135	22693.0	22468.0
1136	22483.0	22569.0
1137	22641.0	22649.0
1138	22633.0	22737.0
1139	22554.0	22784.0
1140	22569.0	22783.0
1141	22716.0	22557.0
1142	22459.0	22505.0
1143	22488.0	22488.0
1144	22732.0	22712.0
1145	22742.0	22532.0
1146	22413.0	22346.0
1147	22543.0	22576.0
1148	22395.0	22490.0
1149	22386.0	22427.0
1150	22536.0	22365.0
1151	22677.0	22642.0
1152	22915.0	22429.0
1153	22678.0	22401.0
1154	22885.0	22789.0
1155	22614.0	22493.0
1156	22604.0	22563.0
1157	22800.0	22634.0
1158	22562.0	22767.0
1159	22753.0	22493.0
1160	22664.0	22390.0
1161	22478.0	22413.0
1162	22548.0	22628.0
1163	22578.0	22654.0
1164	22618.0	22511.0
1165	22466.0	22528.0
1166	22588.0	22279.0
1167	22537.0	22554.0
1168	22467.0	22656.0
1169	22509.0	22418.0
1170	22353.0	22465.0
1171	22351.0	22356.0
1172	22443.0	22616.0
1173	22500.0	22472.0
1174	22609.0	22427.0
1175	22618.0	22447.0
1176	22667.0	22746.0
1177	22451.0	22624.0
1178	22468.0	22497.0
1179	22515.0	22537.0
1180	22533.0	22558.0
1181	22637.0	22409.0
1182	22350.0	22692.0
1183	22475.0	22362.0
1184	22391.0	22495.0
1185	22535.0	22526.0
1186	22323.0	22424.0
1187	22571.0	22447.0
1188	22629.0	22448.0
1189	22197.0	22705.0
1190	22681.0	22356.0
1191	22577.0	22507.0
1192	22443.0	22435.0
1193	22450.0	22394.0
1194	22499.0	22364.0
1195	22480.0	22598.0
1196	22497.0	22571.0
1197	22910.0	22619.0
1198	22491.0	22565.0
1199	22639.0	22287.0
1200	22598.0	22282.0
1201	22344.0	22457.0
1202	22603.0	22429.0
1203	22719.0	22488.0
1204	22546.0	22690.0
1205	22517.0	22589.0
1206	22796.0	22335.0
1207	22623.0	22842.0
1208	22853.0	22395.0
1209	22467.0	22515.0
1210	22671.0	22648.0
1211	22725.0	22221.0
1212	22535.0	22705.0
1213	22706.0	22920.0
1214	22467.0	22566.0
1215	22686.0	22247.0
1216	22690.0	22630.0
1217	22833.0	22289.0
1218	22651.0	22528.0
1219	22764.0	22603.0
1220	22346.0	22669.0
1221	22508.0	22532.0
1222	22512.0	22618.0
1223	22519.0	22502.0
1224	22503.0	22507.0
1225	22406.0	22794.0
1226	22597.0	22631.0
1227	22471.0	22547.0
1228	22489.0	22557.0
1229	22590.0	22703.0
1230	22605.0	22657.0
1231	22597.0	22560.0
1232	22558.0	22833.0
1233	22577.0	22908.0
1234	22232.0	22678.0
1235	22805.0	22070.0
1236	22581.0	22893.0
1237	22659.0	22588.0
1238	22388.0	22478.0
1239	22366.0	22553.0
1240	22439.0	22508.0
1241	22479.0	22555.0
1242	22369.0	22607.0
1243	22459.0	22396.0
1244	22424.0	22581.0
1245	22763.0	22289.0
1246	22596.0	22702.0
1247	22352.0	22533.0
1248	22623.0	22545.0
1249	22530.0	22593.0
1250	22582.0	22422.0
1251	22605.0	22865.0
1252	22281.0	22876.0
1253	22357.0	22418.0
1254	22540.0	22361.0
1255	22593.0	22624.0
1256	22720.0	22575.0
1257	22651.0	22727.0
1258	22676.0	22544.0
1259	22614.0	22705.0
1260	22489.0	22495.0
1261	22557.0	22597.0
1262	22640.0	22713.0
1263	22551.0	22690.0
1264	22414.0	22454.0
1265	22563.0	22698.0
1266	22629.0	22856.0
1267	22526.0	22711.0
1268	22459.0	22794.0
1269	22673.0	22585.0
1270	22704.0	22510.0
1271	22418.0	22498.0
1272	22616.0	22609.0
1273	22496.0	22735.0
1274	22409.0	22295.0
1275	22385.0	22456.0
1276	22710.0	22618.0
1277	22656.0	22742.0
1278	22287.0	22473.0
1279	22445.0	22903.0
1280	22575.0	22470.0
1281	22465.0	22648.0
1282	22712.0	22617.0
1283	22525.0	22524.0
1284	22535.0	22609.0
1285	22684.0	22723.0
1286	22619.0	22957.0
1287	22544.0	22642.0
1288	22740.0	22375.0
1289	22418.0	22567.0
1290	22361.0	22567.0
1291	22449.0	22632.0
1292	22542.0	22573.0
1293	22496.0	22509.0
1294	22509.0	22605.0
1295	22380.0	22672.0
1296	22751.0	22608.0
1297	22274.0	22621.0
1298	22558.0	22732.0
1299	22529.0	22594.0
1300	22620.0	22459.0
1301	22408.0	22397.0
1302	22699.0	22442.0
1303	22645.0	22769.0
1304	22361.0	22518.0
1305	22521.0	22456.0
1306	22514.0	22761.0
1307	22384.0	22770.0
1308	22596.0	22557.0
1309	22472.0	22487.0
1310	22890.0	22412.0
1311	22660.0	22840.0
1312	22729.0	22560.0
1313	22503.0	22872.0
1314	22358.0	22621.0
1315	22631.0	22452.0
1316	22434.0	22568.0
1317	22874.0	22415.0
1318	22635.0	22485.0
1319	22635.0	22465.0
1320	22839.0	22588.0
1321	22744.0	22489.0
1322	22605.0	22584.0
1323	22488.0	22490.0
1324	22753.0	22494.0
1325	22472.0	22674.0
1326	22739.0	22399.0
1327	22674.0	22397.0
1328	22540.0	22671.0
1329	22764.0	22579.0
1330	22653.0	22425.0
1331	22717.0	22552.0
1332	22460.0	22403.0
1333	22421.0	22609.0
1334	22232.0	22411.0
1335	22544.0	22166.0
1336	22668.0	22479.0
1337	22715.0	22378.0
1338	22431.0	22188.0
1339	22620.0	22531.0
1340	22373.0	22559.0
1341	22420.0	22352.0
1342	22485.0	22527.0
1343	22609.0	22511.0
1344	22463.0	22350.0
1345	22648.0	22433.0
1346	22444.0	22547.0
1347	22512.0	22505.0
1348	22462.0	22641.0
1349	22552.0	22287.0
1350	22649.0	22611.0
1351	22461.0	22697.0
1352	22654.0	22703.0
1353	22485.0	22591.0
1354	22668.0	22423.0
1355	22595.0	22367.0
1356	22523.0	22419.0
1357	22614.0	22250.0
1358	22798.0	22543.0
1359	22455.0	22365.0
1360	22428.0	22576.0
1361	22481.0	22662.0
1362	22343.0	22332.0
1363	22709.0	22380.0
1364	22335.0	22571.0
1365	22563.0	22638.0
1366	22733.0	22694.0
1367	22470.0	22548.0
1368	22614.0	22544.0
1369	22512.0	22444.0
1370	22403.0	22501.0
1371	22743.0	22590.0
1372	22449.0	22517.0
1373	22620.0	22548.0
1374	22424.0	22434.0
1375	22449.0	22629.0
1376	22664.0	22608.0
1377	22678.0	22649.0
1378	22422.0	22558.0
1379	22507.0	22381.0
1380	22604.0	22149.0
1381	22598.0	22539.0
1382	22715.0	22472.0
1383	22445.0	22269.0
1384	22604.0	22518.0
1385	22539.0	22462.0
1386	22506.0	22628.0
1387	22869.0	22493.0
1388	22477.0	22722.0
1389	22527.0	22595.0
1390	22581.0	22502.0
1391	22695.0	22554.0
1392	22310.0	22539.0
1393	22148.0	22559.0
1394	22604.0	22411.0
1395	22747.0	22679.0
1396	22556.0	22579.0
1397	22514.0	22541.0
1398	22703.0	22669.0
1399	22563.0	22657.0
1400	22458.0	22621.0
1401	22430.0	22429.0
1402	22897.0	22423.0
1403	22747.0	22519.0
1404	22530.0	22634.0
1405	22737.0	22607.0
1406	22557.0	22923.0
1407	22474.0	22622.0
1408	22474.0	22507.0
1409	22525.0	22816.0
1410	22481.0	22527.0
1411	22744.0	22394.0
1412	22613.0	22863.0
1413	22734.0	22716.0
1414	22733.0	22575.0
1415	22818.0	22642.0
1416	22647.0	22607.0
1417	22575.0	22448.0
1418	22457.0	22660.0
1419	22601.0	22728.0
1420	22713.0	22382.0
1421	22407.0	22488.0
1422	22700.0	22448.0
1423	22190.0	22447.0
1424	22511.0	22652.0
1425	22614.0	22463.0
1426	22416.0	22698.0
1427	22452.0	22905.0
1428	22710.0	22434.0
1429	22390.0	22277.0
1430	22486.0	22798.0
1431	22678.0	22775.0
1432	22617.0	22296.0
1433	22486.0	22455.0
1434	22612.0	22489.0
1435	22562.0	22474.0
1436	22477.0	22711.0
1437	22665.0	22433.0
1438	22307.0	22594.0
1439	22473.0	22550.0
1440	22666.0	22849.0
1441	22675.0	22640.0
1442	22739.0	22612.0
1443	22761.0	22633.0
1444	22758.0	22555.0
1445	22432.0	22235.0
1446	22533.0	22755.0
1447	22482.0	22582.0
1448	22794.0	22902.0
1449	22526.0	22745.0
1450	22577.0	22607.0
1451	22270.0	22460.0
1452	22624.0	22555.0
1453	22635.0	22689.0
1454	22718.0	22595.0
1455	22361.0	22598.0
1456	22584.0	22352.0
1457	22592.0	22347.0
1458	22538.0	22548.0
1459	22626.0	22457.0
1460	22596.0	22537.0
1461	22500.0	22398.0
1462	22474.0	22586.0
1463	22582.0	22671.0
1464	22576.0	22518.0
1465	22470.0	22370.0
1466	22471.0	22509.0
1467	22860.0	22441.0
1468	22650.0	22648.0
1469	22695.0	22847.0
1470	22363.0	22818.0
1471	22649.0	22415.0
1472	22495.0	22567.0
1473	22490.0	22459.0
1474	22305.0	22420.0
1475	22510.0	22509.0
1476	22558.0	22804.0
1477	22654.0	22531.0
1478	22795.0	22540.0
1479	22520.0	22438.0
1480	22600.0	22479.0
1481	22693.0	22620.0
1482	22697.0	22542.0
1483	22385.0	22583.0
1484	22502.0	22622.0
1485	22710.0	22501.0
1486	22517.0	22441.0
1487	22670.0	22504.0
1488	22660.0	22580.0
1489	22582.0	22817.0
1490	22570.0	22584.0
1491	22679.0	22571.0
1492	22911.0	22669.0
1493	22547.0	22453.0
1494	22521.0	22481.0
1495	22468.0	22430.0
1496	22536.0	22557.0
1497	22510.0	22591.0
1498	22743.0	22764.0
1499	22522.0	22546.0
1500	22558.0	22590.0
1501	22641.0	22648.0
1502	22442.0	22534.0
1503	22564.0	22128.0
1504	22340.0	22490.0
1505	22604.0	22656.0
1506	22716.0	22606.0
1507	22588.0	22411.0
1508	22719.0	22280.0
1509	22490.0	22599.0
1510	22787.0	22389.0
1511	22828.0	22462.0
1512	22378.0	22519.0
1513	22777.0	22364.0
1514	22648.0	22522.0
1515	22402.0	22649.0
1516	22610.0	22622.0
1517	22457.0	22662.0
1518	22862.0	22619.0
1519	22522.0	22689.0
1520	22692.0	22655.0
1521	22812.0	22203.0
1522	22728.0	22565.0
1523	22467.0	22626.0
1524	22591.0	22437.0
1525	22747.0	22410.0
1526	22536.0	22472.0
1527	22487.0	22599.0
1528	22589.0	22675.0
1529	22729.0	22514.0
1530	22707.0	22679.0
1531	22664.0	22774.0
1532	22458.0	22390.0
1533	22690.0	22540.0
1534	22481.0	22589.0
1535	22823.0	22478.0
1536	22448.0	22631.0
1537	22553.0	22349.0
1538	22448.0	22406.0
1539	22500.0	22274.0
1540	22876.0	22598.0
1541	22491.0	22771.0
1542	22557.0	22529.0
1543	22549.0	22533.0
1544	22682.0	22696.0
1545	22390.0	22505.0
1546	22697.0	22706.0
1547	22685.0	22551.0
1548	22439.0	22495.0
1549	22825.0	22399.0
1550	22777.0	22543.0
1551	22512.0	22618.0
1552	22549.0	22658.0
1553	22615.0	22421.0
1554	22660.0	22386.0
1555	22737.0	22711.0
1556	22620.0	22662.0
1557	22720.0	22772.0
1558	22729.0	22649.0
1559	22551.0	22534.0
1560	22717.0	22503.0
1561	22388.0	22757.0
1562	22673.0	22813.0
1563	22708.0	22557.0
1564	22550.0	22588.0
1565	22662.0	22452.0
1566	22542.0	22716.0
1567	22753.0	22449.0
1568	22442.0	22642.0
1569	22659.0	22577.0
1570	22909.0	22596.0
1571	22563.0	22408.0
1572	22621.0	22542.0
1573	22561.0	22774.0
1574	22559.0	22974.0
1575	22772.0	22830.0
1576	22544.0	22616.0
1577	22593.0	22506.0
1578	22579.0	22518.0
1579	22593.0	22664.0
1580	22729.0	22563.0
1581	22859.0	22543.0
1582	22679.0	22742.0
1583	22708.0	22585.0
1584	22739.0	22650.0
1585	22729.0	22603.0
1586	22667.0	22535.0
1587	22608.0	22531.0
1588	22799.0	22565.0
1589	22884.0	22445.0
1590	22649.0	22323.0
1591	22709.0	22340.0
1592	22627.0	22925.0
1593	22608.0	22540.0
1594	22693.0	22631.0
1595	22644.0	22754.0
1596	22708.0	22726.0
1597	22464.0	22458.0
1598	22801.0	22577.0
1599	22396.0	22394.0
1600	22517.0	22463.0
1601	22688.0	22573.0
1602	22602.0	22473.0
1603	22761.0	22628.0
1604	22604.0	22704.0
1605	22811.0	22680.0
1606	22899.0	22506.0
1607	22706.0	22799.0
1608	22696.0	22420.0
1609	22455.0	22449.0
1610	22607.0	22617.0
1611	22531.0	22704.0
1612	22737.0	22546.0
1613	22599.0	22526.0
1614	22511.0	22700.0
1615	22492.0	22707.0
1616	22661.0	22438.0
1617	22619.0	22311.0
1618	22547.0	22651.0
1619	22694.0	22855.0
1620	22285.0	22462.0
1621	22684.0	22951.0
1622	22619.0	22598.0
1623	22705.0	22735.0
1624	22649.0	22594.0
1625	22462.0	22659.0
1626	22475.0	22711.0
1627	22582.0	22792.0
1628	22715.0	22754.0
1629	22655.0	22903.0
1630	22524.0	22432.0
1631	22480.0	22936.0
1632	22641.0	22902.0
1633	22535.0	22584.0
1634	22585.0	22680.0
1635	22843.0	22993.0
1636	22806.0	22713.0
1637	22763.0	22674.0
1638	22786.0	22610.0
1639	22822.0	22331.0
1640	22601.0	22758.0
1641	22384.0	22858.0
1642	22496.0	22688.0
1643	22555.0	22915.0
1644	22383.0	22623.0
1645	22451.0	22465.0
1646	22560.0	22559.0
1647	22801.0	22547.0
1648	22666.0	22556.0
1649	22403.0	22391.0
1650	22705.0	22355.0
1651	22961.0	22522.0
1652	22478.0	22760.0
1653	22344.0	22628.0
1654	22688.0	22742.0
1655	22835.0	22770.0
1656	22718.0	22837.0
1657	22729.0	22641.0
1658	22453.0	22662.0
1659	22795.0	22687.0
1660	22741.0	22672.0
1661	22632.0	22693.0
1662	22461.0	22639.0
1663	22395.0	22577.0
1664	22535.0	22634.0
1665	22687.0	22542.0
1666	22585.0	22723.0
1667	22432.0	22640.0
1668	22689.0	22529.0
1669	22529.0	22606.0
1670	22441.0	22979.0
1671	22741.0	22414.0
1672	22696.0	22702.0
1673	22420.0	22735.0
1674	22661.0	22560.0
1675	22759.0	22514.0
1676	22887.0	22566.0
1677	22649.0	22710.0
1678	22511.0	22740.0
1679	22410.0	22600.0
1680	22628.0	22504.0
1681	22527.0	22555.0
1682	22497.0	22356.0
1683	22331.0	22760.0
1684	22519.0	22942.0
1685	22725.0	22786.0
1686	22758.0	22715.0
1687	22472.0	22364.0
1688	22463.0	22642.0
1689	22341.0	22729.0
1690	22493.0	22552.0
1691	22691.0	22387.0
1692	22524.0	22516.0
1693	22744.0	22561.0
1694	22580.0	22603.0
1695	22716.0	22627.0
1696	22792.0	22594.0
1697	22644.0	22582.0
1698	22774.0	22894.0
1699	22388.0	22674.0
1700	22557.0	22966.0
1701	22554.0	22608.0
1702	22451.0	22875.0
1703	22767.0	22494.0
1704	22452.0	22545.0
1705	22656.0	22553.0
1706	22518.0	22497.0
1707	22622.0	22648.0
1708	22554.0	22765.0
1709	22653.0	22509.0
1710	22544.0	22555.0
1711	22679.0	22801.0
1712	22551.0	22448.0
1713	22472.0	22323.0
1714	22589.0	22727.0
1715	22469.0	22814.0
1716	22797.0	22611.0
1717	22602.0	22941.0
1718	22467.0	22628.0
1719	22773.0	22576.0
1720	22647.0	22661.0
1721	22772.0	22413.0
1722	22635.0	22617.0
1723	22331.0	22413.0
1724	22446.0	22505.0
1725	22373.0	22450.0
1726	22430.0	22427.0
1727	22565.0	22669.0
1728	22595.0	22473.0
1729	22618.0	22586.0
1730	22480.0	22706.0
1731	22849.0	22668.0
1732	22661.0	22563.0
1733	22284.0	22923.0
1734	22679.0	22641.0
1735	22462.0	22553.0
1736	22482.0	22639.0
1737	22694.0	22767.0
1738	22521.0	22601.0
1739	22719.0	22335.0
1740	22613.0	22569.0
1741	22451.0	22594.0
1742	22675.0	22580.0
1743	22621.0	22503.0
1744	22692.0	22435.0
1745	22701.0	22887.0
1746	22856.0	22578.0
1747	22704.0	22554.0
1748	22761.0	22467.0
1749	22357.0	22284.0
1750	22605.0	22597.0
1751	22771.0	22652.0
1752	22540.0	22664.0
1753	22800.0	22634.0
1754	22541.0	22562.0
1755	22585.0	22739.0
1756	22576.0	22689.0
1757	22578.0	22631.0
1758	22697.0	22828.0
1759	22612.0	22621.0
1760	22619.0	22359.0
1761	22597.0	22420.0
1762	22437.0	22510.0
1763	22663.0	22565.0
1764	22529.0	22473.0
1765	22645.0	22465.0
1766	22595.0	22606.0
1767	22795.0	22557.0
1768	22607.0	22492.0
1769	22607.0	22820.0
1770	22589.0	22490.0
1771	22570.0	22377.0
1772	22276.0	22593.0
1773	22538.0	22779.0
1774	22496.0	22870.0
1775	22475.0	22495.0
1776	22502.0	22589.0
1777	22350.0	22645.0
1778	22764.0	22775.0
1779	22546.0	22667.0
1780	22454.0	22729.0
1781	22508.0	22552.0
1782	22575.0	22401.0
1783	22737.0	22537.0
1784	22592.0	22530.0
1785	22350.0	22462.0
1786	22394.0	22503.0
1787	22456.0	22526.0
1788	22715.0	22529.0
1789	22609.0	22558.0
1790	22500.0	22379.0
1791	22672.0	22770.0
1792	22814.0	23001.0
1793	22632.0	22325.0
1794	22368.0	22612.0
1795	22607.0	22773.0
1796	22592.0	22714.0
1797	22561.0	22432.0
1798	22791.0	22741.0
1799	22805.0	22571.0
1800	22504.0	22438.0
1801	22712.0	22719.0
1802	22578.0	22616.0
1803	22580.0	22657.0
1804	22766.0	22604.0
1805	22510.0	22471.0
1806	22626.0	22639.0
1807	22769.0	22683.0
1808	22768.0	22856.0
1809	22824.0	22460.0
1810	22502.0	22798.0
1811	22937.0	22677.0
1812	22794.0	22513.0
1813	22752.0	22632.0
1814	22602.0	22610.0
1815	22492.0	22658.0
1816	22650.0	22470.0
1817	22781.0	22298.0
1818	22702.0	22630.0
1819	22574.0	22550.0
1820	22642.0	22606.0
1821	22703.0	22649.0
1822	22804.0	22575.0
1823	22793.0	22581.0
1824	22413.0	22627.0
1825	22623.0	22553.0
1826	22606.0	22535.0
1827	22427.0	22765.0
1828	22504.0	22722.0
1829	22546.0	22620.0
1830	22489.0	22282.0
1831	22769.0	22647.0
1832	22653.0	22646.0
1833	22487.0	22452.0
1834	22375.0	22700.0
1835	22494.0	22217.0
1836	22653.0	22583.0
1837	22492.0	22475.0
1838	22672.0	22479.0
1839	22807.0	22707.0
1840	22808.0	22499.0
1841	22493.0	22299.0
1842	22476.0	22660.0
1843	22658.0	22575.0
1844	22488.0	22781.0
1845	22678.0	22845.0
1846	22650.0	22568.0
1847	22376.0	22633.0
1848	22315.0	22690.0
1849	22636.0	22647.0
1850	22745.0	22650.0
1851	22781.0	22643.0
1852	22373.0	22666.0
1853	22471.0	22660.0
1854	22742.0	22642.0
1855	22680.0	22796.0
1856	22704.0	22588.0
1857	22833.0	22811.0
1858	22546.0	22396.0
1859	22622.0	22562.0
1860	22540.0	22809.0
1861	22674.0	22734.0
1862	22563.0	22465.0
1863	22753.0	22525.0
1864	22786.0	22603.0
1865	22883.0	22689.0
1866	22493.0	22441.0
1867	22500.0	22537.0
1868	22571.0	22531.0
1869	22572.0	22521.0
1870	22986.0	22671.0
1871	22796.0	22469.0
1872	22267.0	22757.0
1873	22623.0	22646.0
1874	22576.0	22643.0
1875	22414.0	22622.0
1876	22530.0	22666.0
1877	22904.0	22762.0
1878	22542.0	22701.0
1879	22555.0	22541.0
1880	22678.0	22622.0
1881	22533.0	22535.0
1882	22552.0	22677.0
1883	22571.0	22492.0
1884	22448.0	22698.0
1885	22503.0	22749.0
1886	22501.0	22817.0
1887	22535.0	22701.0
1888	22647.0	22475.0
1889	22562.0	22562.0
1890	22568.0	22864.0
1891	22501.0	22604.0
1892	22593.0	22806.0
1893	22677.0	22637.0
1894	22756.0	22822.0
1895	22626.0	22574.0
1896	22502.0	22484.0
1897	22612.0	22424.0
1898	22584.0	22479.0
1899	22628.0	22700.0
1900	22294.0	22643.0
1901	22818.0	22362.0
1902	22481.0	22525.0
1903	22563.0	22648.0
1904	22699.0	22822.0
1905	22701.0	22584.0
1906	22720.0	22808.0
1907	22890.0	22610.0
1908	22609.0	22794.0
1909	22622.0	22537.0
1910	22489.0	22818.0
1911	22764.0	22319.0
1912	22587.0	22670.0
1913	22379.0	22504.0
1914	22432.0	22827.0
1915	22544.0	22480.0
1916	22394.0	22723.0
1917	22561.0	22516.0
1918	22595.0	22670.0
1919	22557.0	22971.0
1920	22652.0	22662.0
1921	22466.0	22606.0
1922	22428.0	22855.0
1923	22569.0	22601.0
1924	22582.0	22491.0
1925	22469.0	22509.0
1926	22797.0	22476.0
1927	22741.0	22384.0
1928	22578.0	22529.0
1929	22529.0	22667.0
1930	22673.0	22440.0
1931	22760.0	22460.0
1932	22703.0	22847.0
1933	22730.0	22586.0
1934	22700.0	22734.0
1935	22655.0	22628.0
1936	22617.0	22701.0
1937	22542.0	22853.0
1938	22738.0	22858.0
1939	22804.0	22533.0
1940	22826.0	22857.0
1941	22697.0	22471.0
1942	22485.0	22471.0
1943	22877.0	22571.0
1944	22666.0	22681.0
1945	22689.0	22668.0
1946	22547.0	22444.0
1947	22620.0	22798.0
1948	22697.0	22537.0
1949	22635.0	22386.0
1950	22667.0	22769.0
1951	22514.0	22405.0
1952	22681.0	22654.0
1953	22738.0	22585.0
1954	22586.0	22700.0
1955	22916.0	22462.0
1956	22550.0	22792.0
1957	22517.0	22360.0
1958	22660.0	22612.0
1959	22669.0	22829.0
1960	22777.0	22342.0
1961	22797.0	22499.0
1962	22738.0	22914.0
1963	22496.0	22731.0
1964	22652.0	22340.0
1965	22741.0	22639.0
1966	22550.0	22434.0
1967	23025.0	22540.0
1968	22583.0	22664.0
1969	22559.0	22401.0
1970	22511.0	22402.0
1971	22499.0	22665.0
1972	22465.0	22448.0
1973	22408.0	22702.0
1974	22820.0	22541.0
1975	22847.0	22503.0
1976	22648.0	22535.0
1977	22718.0	22552.0
1978	22755.0	22691.0
1979	22761.0	22488.0
1980	22668.0	22665.0
1981	22547.0	22742.0
1982	22654.0	22513.0
1983	22760.0	22534.0
1984	22658.0	22713.0
1985	22582.0	22982.0
1986	22685.0	22905.0
1987	22669.0	22750.0
1988	22682.0	22507.0
1989	22929.0	22227.0
1990	22628.0	22649.0
1991	22390.0	22702.0
1992	22534.0	22430.0
1993	22537.0	22248.0
1994	22484.0	22252.0
1995	22505.0	22560.0
1996	22751.0	22537.0
1997	22430.0	22603.0
1998	22769.0	22701.0
1999	22622.0	22636.0
