Offset	A	C	G	T	A/T	C/G	A/G	C/T	AA	AC	AG	AT	CA	CC	CG	CT	GA	GC	GG	GT	TA	TC	TG	TT	N	NN
-50	0.308349	0.186811	0.185902	0.318938	0.393936	0.139268	0.263071	0.276429	0.110104	0.051089	0.056906	0.090250	0.061041	0.037313	0.028653	0.059803	0.059832	0.037072	0.036229	0.052769	0.076599	0.062329	0.063027	0.116984	644901.5	644901.5
-49	0.307576	0.187804	0.184815	0.319805	0.393361	0.139182	0.261734	0.276105	0.108448	0.050836	0.057309	0.090983	0.061546	0.037453	0.028935	0.059870	0.059490	0.036306	0.036488	0.052532	0.077404	0.062256	0.063619	0.116526	644901.5	644901.5
-48	0.306887	0.186851	0.186351	0.319911	0.393766	0.139410	0.262751	0.275652	0.109273	0.050759	0.056859	0.089996	0.061198	0.037390	0.028738	0.059525	0.060112	0.036776	0.036506	0.052956	0.077475	0.061716	0.063699	0.117021	644901.5	644901.5
-47	0.308059	0.186641	0.185802	0.319498	0.394661	0.138942	0.261235	0.276357	0.108802	0.051366	0.056090	0.091801	0.061015	0.037130	0.028375	0.060121	0.059797	0.036890	0.036547	0.052568	0.077029	0.062076	0.063364	0.117029	644901.5	644901.5
-46	0.306642	0.187463	0.184375	0.321520	0.394666	0.139578	0.259381	0.275667	0.108272	0.050773	0.056356	0.091242	0.061508	0.037417	0.028944	0.059594	0.058736	0.037199	0.036017	0.052423	0.078431	0.061935	0.064432	0.116721	644901.5	644901.5
-45	0.306947	0.187325	0.185749	0.319979	0.394165	0.139705	0.261337	0.274909	0.108708	0.051003	0.056407	0.090829	0.062182	0.036910	0.029164	0.059068	0.059784	0.037193	0.036438	0.052335	0.077506	0.061808	0.063543	0.117123	644901.5	644901.5
-44	0.308180	0.186914	0.185552	0.319354	0.395064	0.139700	0.260843	0.276882	0.109911	0.051184	0.055950	0.091136	0.060946	0.038014	0.028700	0.059255	0.059243	0.037248	0.035740	0.053322	0.076809	0.062404	0.062932	0.117209	644901.5	644901.5
-43	0.306908	0.188849	0.183321	0.320922	0.393578	0.139991	0.260300	0.275851	0.108396	0.050889	0.057009	0.090615	0.061946	0.037838	0.029416	0.059649	0.058617	0.036458	0.036279	0.051967	0.077916	0.061713	0.064642	0.116652	644901.5	644901.5
-42	0.306874	0.186898	0.187346	0.318883	0.393533	0.140317	0.261959	0.276844	0.108814	0.050837	0.056578	0.090646	0.060841	0.037410	0.028804	0.059842	0.059939	0.037474	0.036629	0.053303	0.076506	0.062024	0.062785	0.117568	644901.5	644901.5
-41	0.306100	0.187745	0.184796	0.321359	0.395455	0.138827	0.258674	0.280234	0.108037	0.050880	0.055855	0.091329	0.060807	0.037568	0.028170	0.061200	0.058778	0.037084	0.036005	0.052929	0.076985	0.062362	0.062907	0.119104	644901.5	644901.5
-40	0.304607	0.187894	0.182937	0.324562	0.395649	0.138656	0.258310	0.278608	0.108104	0.050781	0.055623	0.090098	0.061601	0.037543	0.029002	0.059748	0.058569	0.036097	0.036014	0.052258	0.078660	0.062531	0.064584	0.118786	644901.5	644901.5
-39	0.306934	0.186953	0.185224	0.320890	0.395232	0.139266	0.260146	0.277784	0.108613	0.051833	0.055734	0.090753	0.060902	0.037719	0.028447	0.059884	0.059489	0.036791	0.036309	0.052634	0.077699	0.062013	0.063011	0.118168	644901.5	644901.5
-38	0.306703	0.188356	0.183502	0.321439	0.396400	0.139366	0.258474	0.279712	0.108572	0.050804	0.055431	0.091897	0.061435	0.038342	0.028626	0.059953	0.058729	0.036656	0.035743	0.052374	0.077331	0.062817	0.062691	0.118600	644901.5	644901.5
-37	0.306067	0.188618	0.182491	0.322824	0.395640	0.139805	0.257801	0.277252	0.108242	0.051196	0.055666	0.090963	0.061729	0.038080	0.029355	0.059454	0.057919	0.036396	0.035974	0.052202	0.078615	0.061897	0.064492	0.117820	644901.5	644901.5
-36	0.306505	0.187570	0.185486	0.320439	0.394063	0.140808	0.260891	0.276541	0.107700	0.050965	0.057206	0.090633	0.061265	0.037626	0.029404	0.059274	0.059105	0.036898	0.036879	0.052604	0.077665	0.061577	0.063132	0.118065	644901.5	644901.5
-35	0.305736	0.187066	0.186622	0.320576	0.394450	0.140335	0.260587	0.278071	0.107861	0.051043	0.055913	0.090919	0.060742	0.037873	0.028687	0.059764	0.060118	0.037080	0.036696	0.052729	0.077373	0.062137	0.062769	0.118297	644901.5	644901.5
-34	0.306093	0.188133	0.184065	0.321710	0.395174	0.139250	0.259830	0.276338	0.108254	0.050633	0.056489	0.090717	0.062158	0.037249	0.028834	0.059892	0.058959	0.037040	0.036127	0.051938	0.078610	0.061603	0.063904	0.117593	644901.5	644901.5
-33	0.307980	0.186525	0.185354	0.320140	0.396261	0.139063	0.262454	0.275790	0.109649	0.050998	0.056462	0.090871	0.061496	0.037123	0.028518	0.059387	0.059773	0.036851	0.036571	0.052160	0.078013	0.061550	0.062848	0.117729	644901.5	644901.5
-32	0.308930	0.186523	0.184399	0.320147	0.398043	0.138349	0.261140	0.277097	0.109828	0.051147	0.055983	0.091972	0.061471	0.037383	0.028366	0.059304	0.059508	0.036778	0.035822	0.052292	0.077714	0.061881	0.062023	0.118529	644901.5	644901.5
-31	0.308520	0.187190	0.182194	0.322096	0.398924	0.137855	0.261251	0.276089	0.110263	0.050542	0.056496	0.091219	0.061750	0.037592	0.028814	0.059034	0.058921	0.035878	0.035571	0.051824	0.079102	0.061123	0.063531	0.118341	644901.5	644901.5
-30	0.310035	0.185134	0.184413	0.320418	0.398327	0.138081	0.262470	0.274965	0.110369	0.050769	0.056537	0.092361	0.060690	0.036848	0.028535	0.059062	0.059472	0.036605	0.036093	0.052243	0.077810	0.061267	0.063553	0.117788	644901.5	644901.5
-29	0.308340	0.185490	0.184717	0.321453	0.397644	0.138850	0.260933	0.277209	0.109811	0.051096	0.055611	0.091822	0.060350	0.037302	0.028618	0.059219	0.059524	0.036943	0.035987	0.052264	0.077623	0.062299	0.063142	0.118389	644901.5	644901.5
-28	0.307308	0.187640	0.183358	0.321693	0.397106	0.137978	0.261131	0.274757	0.109544	0.049906	0.056228	0.091630	0.062916	0.036611	0.028839	0.059275	0.059467	0.036637	0.035892	0.051362	0.078823	0.061763	0.063999	0.117109	644901.5	644901.5
-27	0.310750	0.184917	0.184957	0.319376	0.397935	0.138121	0.262670	0.273328	0.110110	0.051270	0.056776	0.092594	0.061544	0.036456	0.028369	0.058549	0.059683	0.037196	0.036101	0.051978	0.077872	0.060964	0.063181	0.117359	644901.5	644901.5
-26	0.309208	0.185885	0.184427	0.320480	0.397992	0.138237	0.260263	0.277294	0.109041	0.051186	0.055982	0.092999	0.061133	0.037348	0.027969	0.059435	0.059430	0.037111	0.035809	0.052076	0.077575	0.062134	0.062394	0.118377	644901.5	644901.5
-25	0.307179	0.187780	0.182154	0.322887	0.397932	0.138780	0.258436	0.276848	0.108474	0.051055	0.055709	0.091941	0.061602	0.037313	0.029174	0.059690	0.058091	0.036130	0.036162	0.051771	0.079511	0.061840	0.063530	0.118006	644901.5	644901.5
-24	0.307679	0.186339	0.184575	0.321407	0.397029	0.138287	0.260582	0.275423	0.108800	0.050811	0.055993	0.092075	0.061543	0.037011	0.028780	0.059005	0.059772	0.036480	0.036016	0.052307	0.078823	0.062076	0.063177	0.117331	644901.5	644901.5
-23	0.308938	0.186378	0.183966	0.320718	0.398528	0.137764	0.259091	0.277312	0.109526	0.051529	0.054884	0.092999	0.061182	0.037223	0.028259	0.059714	0.059185	0.036786	0.035496	0.052499	0.078243	0.062616	0.062099	0.117760	644901.5	644901.5
-22	0.308136	0.188154	0.180738	0.322972	0.399022	0.137502	0.258250	0.275503	0.109395	0.050798	0.055637	0.092306	0.062648	0.037175	0.029311	0.059018	0.058104	0.035902	0.035114	0.051619	0.079561	0.061548	0.064102	0.117761	644901.5	644901.5
-21	0.309709	0.185424	0.184165	0.320703	0.399807	0.138303	0.261081	0.274885	0.110277	0.050953	0.055831	0.092647	0.061486	0.036697	0.028643	0.058597	0.058949	0.036938	0.036024	0.052254	0.078804	0.061513	0.062308	0.118078	644901.5	644901.5
-20	0.309516	0.186101	0.182806	0.321576	0.401553	0.137593	0.259151	0.277242	0.110455	0.051259	0.054533	0.093269	0.061465	0.037558	0.028178	0.058900	0.058914	0.036608	0.035249	0.052035	0.078864	0.061819	0.061929	0.118965	644901.5	644901.5
-19	0.309698	0.187244	0.179889	0.323169	0.402010	0.137229	0.258460	0.276460	0.110867	0.050869	0.055094	0.092868	0.062292	0.037217	0.028624	0.059111	0.057147	0.036037	0.035352	0.051353	0.079835	0.061692	0.063202	0.118441	644901.5	644901.5
-18	0.310140	0.185814	0.182272	0.321773	0.400711	0.138497	0.260215	0.277532	0.109724	0.051310	0.055517	0.093589	0.060998	0.037430	0.028500	0.058887	0.058785	0.036378	0.036189	0.050919	0.078271	0.062089	0.062287	0.119127	644901.5	644901.5
-17	0.307777	0.187207	0.182493	0.322523	0.399079	0.138172	0.259082	0.278988	0.109493	0.050783	0.054908	0.092592	0.061578	0.038008	0.027969	0.059651	0.059104	0.036618	0.035577	0.051195	0.078443	0.062779	0.062751	0.118550	644901.5	644901.5
-16	0.308618	0.188188	0.181205	0.321988	0.400339	0.137325	0.258792	0.276013	0.109834	0.050705	0.054959	0.093120	0.062389	0.037496	0.028804	0.059500	0.058683	0.035708	0.035317	0.051498	0.079575	0.061207	0.063396	0.117810	644901.5	644901.5
-15	0.310480	0.185116	0.182476	0.321928	0.403339	0.136517	0.261666	0.275120	0.111167	0.050666	0.055174	0.093473	0.061452	0.037092	0.028105	0.058467	0.059606	0.035601	0.035719	0.051550	0.080066	0.060929	0.062301	0.118632	644901.5	644901.5
-14	0.312292	0.184287	0.181299	0.322122	0.406250	0.134548	0.259523	0.276503	0.111029	0.050711	0.054627	0.095925	0.061481	0.036831	0.027400	0.058575	0.059243	0.035693	0.034624	0.051739	0.079684	0.061485	0.061340	0.119612	644901.5	644901.5
-13	0.311437	0.184720	0.177992	0.325851	0.408821	0.134558	0.259481	0.274403	0.111780	0.050411	0.054884	0.094362	0.062027	0.036031	0.028664	0.057999	0.058257	0.035302	0.034560	0.049872	0.083055	0.060750	0.062423	0.119624	644901.5	644901.5
-12	0.315118	0.182494	0.180531	0.321857	0.408099	0.134223	0.262110	0.272674	0.112784	0.051434	0.055419	0.095481	0.060812	0.035774	0.028241	0.057667	0.059133	0.035433	0.034774	0.051191	0.081108	0.060507	0.061516	0.118726	644901.5	644901.5
-11	0.313836	0.183149	0.179950	0.323065	0.410667	0.133471	0.261103	0.274908	0.113507	0.050647	0.054484	0.095198	0.061395	0.035740	0.027603	0.058411	0.058490	0.035505	0.034622	0.051333	0.081701	0.060496	0.060608	0.120260	644901.5	644901.5
-10	0.315092	0.182389	0.177316	0.325202	0.412829	0.131782	0.259690	0.274709	0.112580	0.050571	0.055168	0.096774	0.060776	0.035135	0.027853	0.058625	0.057871	0.034723	0.034071	0.050651	0.082413	0.059886	0.061841	0.121063	644901.5	644901.5
-9	0.313639	0.180314	0.178934	0.327113	0.412337	0.132461	0.259623	0.275587	0.111905	0.050164	0.055603	0.095967	0.059229	0.035517	0.027521	0.058047	0.057917	0.035225	0.034197	0.051594	0.083123	0.060681	0.061967	0.121343	644901.5	644901.5
-8	0.312174	0.181587	0.179289	0.326951	0.414216	0.130760	0.254276	0.279666	0.110233	0.049881	0.053513	0.098547	0.059705	0.036158	0.026585	0.059138	0.057627	0.035114	0.032903	0.053645	0.082470	0.061404	0.060111	0.122966	644901.5	644901.5
-7	0.310036	0.182557	0.173112	0.334295	0.420095	0.128065	0.249230	0.284881	0.109572	0.049861	0.052558	0.098044	0.060368	0.035958	0.025645	0.060586	0.055284	0.034646	0.031816	0.051366	0.086000	0.061858	0.059959	0.126479	644901.5	644901.5
-6	0.311223	0.182322	0.169979	0.336475	0.418741	0.128986	0.246721	0.288173	0.109157	0.051476	0.052386	0.098205	0.059069	0.036969	0.026276	0.060008	0.054223	0.034784	0.030956	0.050015	0.084835	0.064651	0.060445	0.126545	644901.5	644901.5
-5	0.307283	0.187881	0.170062	0.334774	0.408460	0.133083	0.239395	0.288174	0.104920	0.055204	0.050337	0.096823	0.061604	0.039971	0.025568	0.060737	0.053852	0.037258	0.030286	0.048666	0.088800	0.069549	0.058507	0.117917	644901.5	644901.5
-4	0.309177	0.201981	0.164699	0.324143	0.392151	0.139197	0.229246	0.282535	0.098902	0.057934	0.053103	0.099238	0.066012	0.044848	0.026775	0.064346	0.048765	0.039098	0.028476	0.048360	0.090964	0.070294	0.059838	0.103047	644901.5	644901.5
-3	0.304643	0.212174	0.168192	0.314991	0.411316	0.126291	0.247255	0.275465	0.117767	0.050553	0.044831	0.091491	0.071976	0.045642	0.021796	0.072760	0.059371	0.033567	0.025286	0.049968	0.110494	0.065501	0.047433	0.091563	644901.5	644901.5
-2	0.359608	0.195263	0.139346	0.305782	0.541157	0.066468	0.189557	0.296649	0.104365	0.033652	0.027551	0.194041	0.064496	0.022423	0.011321	0.097023	0.042849	0.017931	0.014792	0.063773	0.100696	0.035148	0.027883	0.142055	644901.5	644901.5
-1	0.312406	0.109154	0.081547	0.496893	0.670557	0.058759	0.228522	0.239903	0.147632	0.025925	0.033316	0.105533	0.047585	0.014339	0.013022	0.034208	0.029863	0.013687	0.017711	0.020287	0.262190	0.036155	0.043346	0.155201	644901.5	644901.5
0	0.487270	0.090106	0.107395	0.315229	0.463230	0.064593	0.334957	0.166532	0.137280	0.063499	0.140619	0.145872	0.032372	0.015754	0.012072	0.029908	0.036865	0.016574	0.020193	0.033764	0.105914	0.046705	0.088446	0.074164	644901.5	644901.5
1	0.312430	0.142532	0.261330	0.283708	0.347009	0.161516	0.331306	0.198442	0.105163	0.051451	0.071390	0.084426	0.048193	0.026485	0.024791	0.043062	0.090636	0.046123	0.064118	0.060453	0.082868	0.054342	0.071946	0.074552	644901.5	644901.5
2	0.326861	0.178402	0.232244	0.262494	0.340050	0.172788	0.315836	0.216331	0.108120	0.058628	0.075750	0.084362	0.062035	0.034898	0.033891	0.047578	0.075343	0.047377	0.056622	0.052902	0.065669	0.051957	0.062969	0.081899	644901.5	644901.5
3	0.311168	0.192860	0.229233	0.266740	0.352405	0.167202	0.302594	0.234719	0.116237	0.052854	0.061477	0.080600	0.067215	0.037586	0.033952	0.054106	0.076769	0.047551	0.048111	0.056801	0.066443	0.053902	0.057270	0.089124	644901.5	644901.5
4	0.326665	0.191894	0.200811	0.280631	0.377151	0.155117	0.286222	0.256536	0.120990	0.056426	0.060111	0.089138	0.064280	0.039585	0.032416	0.055613	0.065018	0.043014	0.040103	0.052675	0.064152	0.058467	0.055142	0.102871	644901.5	644901.5
5	0.314439	0.197491	0.187771	0.300298	0.384578	0.150448	0.271012	0.273664	0.115378	0.051678	0.058220	0.089164	0.064875	0.039740	0.033776	0.059100	0.059631	0.039148	0.037783	0.051209	0.066111	0.060899	0.059363	0.113925	644901.5	644901.5
6	0.305995	0.191465	0.189142	0.313398	0.390023	0.147255	0.260633	0.285259	0.110330	0.051868	0.053785	0.090011	0.061779	0.039970	0.030620	0.059096	0.059721	0.039868	0.036797	0.052756	0.068193	0.064705	0.059011	0.121488	644901.5	644901.5
7	0.300023	0.196411	0.180214	0.323352	0.394328	0.145963	0.246820	0.296009	0.106304	0.050615	0.052099	0.091005	0.062125	0.041362	0.031576	0.061348	0.054175	0.038783	0.034242	0.053014	0.070118	0.066398	0.059936	0.126901	644901.5	644901.5
8	0.292721	0.197158	0.177853	0.332268	0.391868	0.146927	0.249439	0.290004	0.105905	0.048842	0.052976	0.084999	0.064726	0.040108	0.033562	0.058762	0.055548	0.038247	0.035010	0.049048	0.075559	0.065729	0.065574	0.125406	644901.5	644901.5
9	0.301738	0.192925	0.187123	0.318214	0.388354	0.148526	0.262655	0.279432	0.109945	0.050368	0.055491	0.085933	0.063918	0.038907	0.032237	0.057862	0.059370	0.039532	0.037849	0.050372	0.072790	0.062978	0.062762	0.119685	644901.5	644901.5
10	0.306023	0.191785	0.188339	0.313853	0.388930	0.147373	0.263745	0.276686	0.111274	0.051761	0.054836	0.088152	0.062767	0.038649	0.032118	0.058251	0.060406	0.039377	0.037229	0.051327	0.072332	0.062614	0.061735	0.117171	644901.5	644901.5
11	0.306779	0.192401	0.185918	0.314902	0.392131	0.147504	0.263808	0.274629	0.112780	0.050843	0.055108	0.088049	0.063735	0.038703	0.032693	0.057270	0.058956	0.039143	0.036965	0.050854	0.074241	0.061595	0.062005	0.117061	644901.5	644901.5
12	0.309712	0.190283	0.186770	0.313235	0.391723	0.147583	0.265892	0.275800	0.113544	0.051948	0.055584	0.088636	0.062139	0.038831	0.032235	0.057078	0.059470	0.039222	0.037295	0.050784	0.072158	0.062506	0.061186	0.117385	644901.5	644901.5
13	0.307310	0.192507	0.186300	0.313884	0.390437	0.148082	0.262961	0.277916	0.112192	0.051889	0.054560	0.088668	0.062637	0.039510	0.032582	0.057778	0.059273	0.039056	0.036935	0.051036	0.072130	0.063182	0.061125	0.117447	644901.5	644901.5
14	0.306234	0.193637	0.185202	0.314928	0.388049	0.148713	0.262555	0.277589	0.110582	0.051889	0.055993	0.087769	0.063224	0.039749	0.033221	0.057442	0.058559	0.038323	0.037420	0.050899	0.072230	0.062931	0.062299	0.117468	644901.5	644901.5
15	0.304596	0.192891	0.188934	0.313578	0.384686	0.149816	0.264965	0.276770	0.110501	0.051636	0.056350	0.086109	0.062506	0.038972	0.033342	0.058072	0.060103	0.039491	0.038011	0.051329	0.071507	0.063158	0.062344	0.116568	644901.5	644901.5
16	0.304618	0.193257	0.190047	0.312078	0.385750	0.150573	0.264261	0.278107	0.110934	0.051102	0.055620	0.086962	0.062344	0.039762	0.033091	0.058061	0.060428	0.040441	0.037279	0.051899	0.070893	0.063324	0.060901	0.116960	644901.5	644901.5
17	0.304598	0.194628	0.186891	0.313882	0.387874	0.148879	0.264642	0.274453	0.111635	0.050567	0.055950	0.086447	0.064094	0.039034	0.033662	0.057839	0.059572	0.038697	0.037486	0.051136	0.073419	0.061206	0.062883	0.116374	644901.5	644901.5
18	0.308719	0.189505	0.189980	0.311796	0.390867	0.147912	0.268826	0.271149	0.113925	0.051443	0.055680	0.087672	0.062597	0.037645	0.032962	0.056302	0.061036	0.039121	0.038185	0.051639	0.073103	0.061036	0.061489	0.116167	644901.5	644901.5
19	0.310661	0.189244	0.188316	0.311779	0.392370	0.147634	0.268010	0.274046	0.114687	0.052146	0.055272	0.088556	0.061601	0.038368	0.032476	0.056799	0.060557	0.039296	0.037494	0.050969	0.072227	0.061978	0.060674	0.116900	644901.5	644901.5
20	0.309071	0.191788	0.185916	0.313225	0.391778	0.147233	0.267475	0.273044	0.114214	0.051436	0.056093	0.087329	0.063444	0.038001	0.033555	0.056789	0.060028	0.038537	0.037141	0.050211	0.072939	0.060957	0.062031	0.117297	644901.5	644901.5
21	0.310624	0.188931	0.188820	0.311625	0.391778	0.148464	0.268726	0.273343	0.114100	0.052041	0.055812	0.088670	0.060758	0.038407	0.033255	0.056510	0.061135	0.039122	0.037679	0.050884	0.071881	0.061299	0.061319	0.117127	644901.5	644901.5
22	0.307874	0.190869	0.188065	0.313191	0.388211	0.149232	0.266321	0.276239	0.112427	0.052292	0.055907	0.087247	0.061244	0.038870	0.033176	0.057580	0.060321	0.039521	0.037666	0.050557	0.071683	0.062936	0.061719	0.116854	644901.5	644901.5
23	0.305675	0.193619	0.188468	0.312238	0.385573	0.151221	0.267175	0.273174	0.112746	0.051297	0.056264	0.085369	0.063214	0.039049	0.034263	0.057093	0.060071	0.039815	0.038094	0.050488	0.072358	0.061932	0.062848	0.115100	644901.5	644901.5
24	0.308389	0.192093	0.191469	0.308049	0.386541	0.150262	0.270007	0.272402	0.114121	0.051441	0.056182	0.086645	0.062000	0.038294	0.033780	0.058018	0.061505	0.039988	0.038200	0.051777	0.070619	0.060933	0.061341	0.115157	644901.5	644901.5
25	0.308244	0.190655	0.189503	0.311597	0.389691	0.148431	0.267678	0.275175	0.113872	0.051273	0.055568	0.087530	0.061998	0.038638	0.033021	0.056999	0.061074	0.039610	0.037163	0.051656	0.071293	0.062543	0.060767	0.116995	644901.5	644901.5
26	0.308238	0.192063	0.186518	0.313180	0.390202	0.148267	0.267028	0.274792	0.114432	0.050879	0.055882	0.087044	0.062858	0.038614	0.033542	0.057049	0.059556	0.038953	0.037158	0.050852	0.072184	0.062587	0.061868	0.116542	644901.5	644901.5
27	0.309030	0.191033	0.188450	0.311487	0.391047	0.148772	0.269490	0.274268	0.115169	0.050866	0.055995	0.087000	0.062626	0.038453	0.033248	0.056706	0.060612	0.039358	0.037714	0.050766	0.071643	0.061873	0.060736	0.117236	644901.5	644901.5
28	0.310050	0.190550	0.187692	0.311708	0.392916	0.148672	0.267698	0.275703	0.114942	0.051146	0.055529	0.088433	0.061419	0.038811	0.033003	0.057317	0.059894	0.039524	0.037334	0.050941	0.071577	0.061611	0.060557	0.117964	644901.5	644901.5
29	0.307832	0.191091	0.186422	0.314655	0.392203	0.148247	0.268118	0.274382	0.114564	0.051356	0.055760	0.086152	0.061956	0.038589	0.033517	0.057030	0.060019	0.038366	0.037776	0.050261	0.073931	0.061207	0.061961	0.117557	644901.5	644901.5
30	0.310470	0.189518	0.189013	0.310999	0.391340	0.148944	0.270941	0.272445	0.115334	0.051361	0.056535	0.087240	0.061717	0.038473	0.032840	0.056488	0.060707	0.039266	0.038365	0.050674	0.072130	0.060848	0.061385	0.116636	644901.5	644901.5
31	0.309888	0.189949	0.189125	0.311038	0.390234	0.149858	0.269849	0.272823	0.114821	0.051922	0.056138	0.087006	0.061115	0.039091	0.033112	0.056631	0.060751	0.039516	0.038138	0.050719	0.072639	0.061333	0.061299	0.115767	644901.5	644901.5
32	0.309326	0.191863	0.188687	0.310124	0.389050	0.151514	0.270019	0.269157	0.114875	0.050846	0.056802	0.086804	0.062439	0.038988	0.034423	0.056012	0.059848	0.039608	0.038494	0.050736	0.073328	0.060114	0.062639	0.114043	644901.5	644901.5
33	0.310490	0.189556	0.192358	0.307596	0.387832	0.151130	0.273726	0.266997	0.115294	0.051343	0.057298	0.086555	0.061574	0.038077	0.034056	0.055849	0.061976	0.039839	0.039158	0.051385	0.072517	0.059605	0.062008	0.113466	644901.5	644901.5
34	0.311361	0.188864	0.192520	0.307255	0.386990	0.151056	0.272467	0.267894	0.114874	0.052285	0.057185	0.087017	0.061309	0.037946	0.033504	0.056104	0.060995	0.040192	0.039413	0.051920	0.071980	0.060725	0.061432	0.113119	644901.5	644901.5
35	0.309159	0.191148	0.191534	0.308159	0.386230	0.151351	0.270550	0.267773	0.113810	0.052048	0.056827	0.086474	0.063045	0.037918	0.034158	0.056027	0.060831	0.040192	0.039083	0.051428	0.072458	0.060340	0.061874	0.113487	644901.5	644901.5
36	0.310143	0.190499	0.191941	0.307417	0.388343	0.149345	0.271489	0.268943	0.114761	0.050741	0.056734	0.087907	0.062227	0.037546	0.033732	0.056995	0.061916	0.039990	0.038078	0.051958	0.072065	0.060792	0.060950	0.113610	644901.5	644901.5
37	0.310968	0.189069	0.189493	0.310469	0.391295	0.148312	0.270764	0.270082	0.115653	0.051595	0.056020	0.087699	0.061247	0.038006	0.033498	0.056318	0.061309	0.039027	0.037781	0.051376	0.073059	0.060875	0.061652	0.114883	644901.5	644901.5
38	0.311269	0.189503	0.188951	0.310276	0.391644	0.147723	0.271372	0.269891	0.115836	0.051079	0.056623	0.087731	0.062180	0.038040	0.032709	0.056575	0.061052	0.039113	0.037861	0.050926	0.073356	0.060556	0.061644	0.114721	644901.5	644901.5
39	0.312424	0.188788	0.188836	0.309952	0.392110	0.148328	0.271804	0.269676	0.116184	0.051449	0.056843	0.087949	0.061449	0.037737	0.033694	0.055908	0.060950	0.039070	0.037827	0.050988	0.073123	0.061177	0.060798	0.114855	644901.5	644901.5
40	0.311706	0.189433	0.189161	0.309700	0.391525	0.149153	0.270609	0.270978	0.115624	0.051417	0.056205	0.088459	0.061157	0.038082	0.033470	0.056724	0.060792	0.039614	0.037987	0.050768	0.072156	0.060886	0.061372	0.115286	644901.5	644901.5
41	0.309729	0.189999	0.189035	0.311237	0.391140	0.149267	0.271095	0.270054	0.115420	0.050863	0.056544	0.086902	0.061594	0.038010	0.033778	0.056616	0.061057	0.039405	0.038073	0.050499	0.073783	0.060392	0.062027	0.115035	644901.5	644901.5
42	0.311855	0.188671	0.190423	0.309052	0.390146	0.148830	0.273358	0.267608	0.115718	0.051140	0.057310	0.087687	0.061729	0.037328	0.033719	0.055895	0.061585	0.039039	0.038745	0.051054	0.072782	0.060426	0.061885	0.113960	644901.5	644901.5
43	0.311814	0.187932	0.191659	0.308596	0.390467	0.148725	0.273789	0.268692	0.116143	0.050931	0.056902	0.087838	0.061261	0.037871	0.032206	0.056595	0.061931	0.039835	0.038814	0.051079	0.073013	0.060754	0.061356	0.113472	644901.5	644901.5
44	0.312348	0.189391	0.189277	0.308984	0.390457	0.149282	0.271453	0.267152	0.115426	0.051548	0.056955	0.088418	0.061762	0.037944	0.033601	0.056084	0.060681	0.039346	0.038391	0.050859	0.073635	0.060148	0.062224	0.112977	644901.5	644901.5
45	0.311504	0.188986	0.191172	0.308338	0.387862	0.150136	0.273174	0.267320	0.114438	0.051169	0.058010	0.087887	0.061178	0.038247	0.033739	0.055822	0.062078	0.039501	0.038649	0.050944	0.073002	0.060717	0.062085	0.112534	644901.5	644901.5
46	0.310696	0.189634	0.192482	0.307187	0.387727	0.149324	0.272389	0.267615	0.114505	0.051626	0.056682	0.087882	0.061887	0.038452	0.032731	0.056564	0.062680	0.039619	0.038521	0.051661	0.073540	0.060798	0.061049	0.111800	644901.5	644901.5
47	0.312612	0.190497	0.188984	0.307907	0.390366	0.148579	0.271796	0.265840	0.114971	0.051687	0.057385	0.088569	0.062506	0.038306	0.033463	0.056222	0.061287	0.038656	0.038153	0.050888	0.075080	0.059566	0.061516	0.111746	644901.5	644901.5
48	0.313843	0.188216	0.190517	0.307424	0.391914	0.147637	0.273474	0.267364	0.116302	0.050956	0.057375	0.089211	0.060597	0.037772	0.032654	0.057193	0.061978	0.039392	0.037820	0.051327	0.073742	0.059740	0.061283	0.112659	644901.5	644901.5
49	0.312619	0.187860	0.189131	0.310390	0.394301	0.147116	0.271755	0.269499	0.116385	0.050560	0.056574	0.089100	0.060388	0.038066	0.032252	0.057154	0.061319	0.039322	0.037477	0.051013	0.075009	0.060474	0.061101	0.113807	644901.5	644901.5
50	0.313102	0.188420	0.187404	0.311074	0.394129	0.146936	0.272115	0.267610	0.116602	0.050727	0.057226	0.088548	0.061670	0.037683	0.032791	0.056276	0.060462	0.038636	0.037826	0.050480	0.075557	0.060228	0.061866	0.113423	644901.5	644901.5
51	0.314291	0.187274	0.189709	0.308726	0.393699	0.146654	0.274777	0.266232	0.116675	0.050651	0.057958	0.089007	0.061326	0.037134	0.032394	0.056419	0.061577	0.038559	0.038567	0.051006	0.075030	0.059691	0.061018	0.112987	644901.5	644901.5
52	0.314609	0.186035	0.189937	0.309419	0.394597	0.145822	0.272501	0.266309	0.116560	0.051358	0.056967	0.089723	0.060405	0.037151	0.032139	0.056341	0.061312	0.038872	0.037661	0.052092	0.075670	0.060174	0.060933	0.112644	644901.5	644901.5
53	0.313947	0.187554	0.187699	0.310799	0.394570	0.145693	0.272942	0.265289	0.116141	0.050702	0.057789	0.089315	0.061637	0.037508	0.031889	0.056519	0.061102	0.038385	0.037910	0.050302	0.077706	0.059854	0.061832	0.111408	644901.5	644901.5
54	0.316586	0.186449	0.189421	0.307545	0.393852	0.146223	0.274351	0.263605	0.116372	0.051745	0.058008	0.090460	0.061165	0.037551	0.031636	0.056096	0.061395	0.038459	0.038576	0.050991	0.076130	0.059067	0.061457	0.110890	644901.5	644901.5
55	0.315062	0.186823	0.189678	0.308437	0.393804	0.146262	0.272905	0.265682	0.115664	0.051349	0.057637	0.090412	0.060760	0.038339	0.031206	0.056519	0.061713	0.038825	0.037892	0.051248	0.076496	0.059592	0.061117	0.111232	644901.5	644901.5
56	0.314633	0.188105	0.187851	0.309411	0.393794	0.145761	0.272089	0.264191	0.115458	0.050778	0.057952	0.090445	0.061918	0.037480	0.031849	0.056858	0.060910	0.038663	0.037769	0.050509	0.077489	0.059449	0.062070	0.110403	644901.5	644901.5
57	0.315775	0.186370	0.189640	0.308215	0.392969	0.145632	0.274498	0.263434	0.115858	0.051523	0.058386	0.090008	0.061218	0.037375	0.031487	0.056291	0.061827	0.038344	0.038427	0.051042	0.076507	0.059172	0.061940	0.110597	644901.5	644901.5
58	0.315410	0.186414	0.190239	0.307937	0.394452	0.144837	0.273841	0.265101	0.116111	0.051054	0.057431	0.090814	0.060837	0.037603	0.030992	0.056981	0.062125	0.038067	0.038174	0.051873	0.076574	0.059564	0.060846	0.110953	644901.5	644901.5
59	0.315647	0.186289	0.187443	0.310620	0.396866	0.142647	0.272010	0.262898	0.115397	0.050597	0.057911	0.091742	0.061783	0.036354	0.031253	0.056899	0.061385	0.037723	0.037317	0.051019	0.079207	0.059125	0.061768	0.110520	644901.5	644901.5
60	0.317772	0.183799	0.188249	0.310180	0.397916	0.141984	0.273759	0.262858	0.116175	0.051365	0.058026	0.092206	0.061123	0.036494	0.030070	0.056112	0.061732	0.037594	0.037826	0.051097	0.078636	0.059352	0.061292	0.110899	644901.5	644901.5
61	0.317666	0.184806	0.187215	0.310314	0.398745	0.142582	0.272625	0.263971	0.116900	0.051047	0.057707	0.092012	0.061203	0.036855	0.030419	0.056328	0.060433	0.037724	0.037584	0.051474	0.078158	0.059113	0.061368	0.111675	644901.5	644901.5
62	0.316695	0.184738	0.187078	0.311489	0.399335	0.141705	0.273038	0.263084	0.116240	0.050774	0.058114	0.091566	0.061788	0.036615	0.030143	0.056192	0.060935	0.037199	0.037748	0.051196	0.079694	0.058442	0.061518	0.111835	644901.5	644901.5
63	0.318656	0.183030	0.187524	0.310789	0.400918	0.141142	0.273813	0.261813	0.117004	0.051022	0.057876	0.092754	0.060995	0.036432	0.029760	0.055844	0.061497	0.037515	0.037436	0.051076	0.079511	0.057888	0.061742	0.111649	644901.5	644901.5
64	0.319006	0.182857	0.186814	0.311324	0.401256	0.140874	0.272780	0.262703	0.116114	0.051088	0.057948	0.093857	0.060494	0.036178	0.029976	0.056209	0.061177	0.037179	0.037542	0.050916	0.079980	0.059011	0.061027	0.111305	644901.5	644901.5
65	0.317765	0.183455	0.186493	0.312287	0.400598	0.140884	0.272439	0.261314	0.116023	0.051375	0.058036	0.092331	0.061155	0.036037	0.030139	0.056123	0.060819	0.037148	0.037560	0.050966	0.081462	0.058371	0.061672	0.110782	644901.5	644901.5
66	0.319460	0.182930	0.187408	0.310202	0.400682	0.140466	0.273819	0.260076	0.116304	0.051675	0.058386	0.093095	0.061214	0.035998	0.029670	0.056049	0.061480	0.037148	0.037650	0.051130	0.081139	0.057885	0.061034	0.110145	644901.5	644901.5
67	0.320136	0.182706	0.186739	0.310418	0.399933	0.139903	0.273559	0.262216	0.115854	0.051788	0.058697	0.093797	0.060743	0.036302	0.029054	0.056607	0.061426	0.036965	0.037582	0.050767	0.079978	0.059003	0.061133	0.110304	644901.5	644901.5
68	0.318001	0.184058	0.186466	0.311475	0.399218	0.139875	0.272300	0.261385	0.115533	0.050995	0.058412	0.093061	0.061830	0.035912	0.029617	0.056699	0.061039	0.037030	0.037316	0.051082	0.080888	0.059037	0.061814	0.109737	644901.5	644901.5
69	0.319289	0.182974	0.187159	0.310578	0.400317	0.139466	0.273648	0.260550	0.116463	0.051286	0.058221	0.093319	0.061619	0.035692	0.029236	0.056426	0.061549	0.037123	0.037415	0.051072	0.080631	0.058528	0.061516	0.109904	644901.5	644901.5
70	0.320262	0.182629	0.186388	0.310721	0.401837	0.139134	0.273360	0.261443	0.117214	0.050939	0.058586	0.093524	0.061133	0.036481	0.028731	0.056284	0.060767	0.037130	0.036793	0.051698	0.080728	0.058307	0.061315	0.110371	644901.5	644901.5
71	0.319843	0.182857	0.185424	0.311876	0.402371	0.138878	0.273833	0.260683	0.117683	0.050738	0.058513	0.092909	0.061565	0.036135	0.029122	0.056035	0.060772	0.036757	0.036865	0.051031	0.081709	0.058443	0.061654	0.110070	644901.5	644901.5
72	0.321729	0.182073	0.186153	0.310045	0.403355	0.138013	0.274507	0.259706	0.117855	0.051477	0.058697	0.093700	0.061776	0.035854	0.028353	0.056090	0.061125	0.036976	0.036830	0.051223	0.081878	0.057839	0.060405	0.109923	644901.5	644901.5
73	0.322634	0.182146	0.184286	0.310935	0.403740	0.136819	0.273502	0.261721	0.117930	0.052260	0.058414	0.094029	0.061405	0.035609	0.028460	0.056672	0.060528	0.036120	0.036630	0.051008	0.080984	0.058645	0.060510	0.110796	644901.5	644901.5
74	0.320847	0.182633	0.184014	0.312505	0.403219	0.137540	0.272307	0.261007	0.116386	0.051501	0.058900	0.094060	0.061509	0.035518	0.028425	0.057182	0.060007	0.036584	0.037013	0.050410	0.082349	0.057884	0.061848	0.110424	644901.5	644901.5
75	0.320250	0.181487	0.186187	0.312076	0.401450	0.138208	0.273879	0.259833	0.116013	0.051768	0.059228	0.093241	0.061542	0.035798	0.028390	0.055757	0.061354	0.036737	0.037283	0.050813	0.082384	0.058468	0.061412	0.109811	644901.5	644901.5
76	0.321293	0.182770	0.186314	0.309622	0.400216	0.138220	0.273377	0.260948	0.116106	0.052265	0.058840	0.094082	0.061969	0.035943	0.028736	0.056122	0.061347	0.036458	0.037083	0.051426	0.079860	0.058715	0.060879	0.110168	644901.5	644901.5
77	0.319283	0.183381	0.185538	0.311798	0.399701	0.138529	0.272197	0.259871	0.115268	0.051437	0.058940	0.093638	0.062492	0.035618	0.029169	0.056102	0.060833	0.036585	0.037157	0.050964	0.081224	0.058579	0.062423	0.109572	644901.5	644901.5
78	0.319816	0.182219	0.187689	0.310275	0.399111	0.138492	0.274653	0.259234	0.115334	0.051404	0.059470	0.093608	0.062122	0.035529	0.028663	0.055905	0.062448	0.036899	0.037401	0.050942	0.080756	0.058387	0.061720	0.109413	644901.5	644901.5
79	0.320659	0.182219	0.187254	0.309867	0.399359	0.138512	0.273927	0.261403	0.116391	0.051588	0.058835	0.093844	0.061576	0.036520	0.028089	0.056035	0.061613	0.036816	0.037087	0.051737	0.079612	0.059338	0.061406	0.109511	644901.5	644901.5
80	0.319193	0.184262	0.185417	0.311127	0.400180	0.138458	0.272935	0.260422	0.116267	0.051386	0.058518	0.093022	0.063271	0.035857	0.028835	0.056299	0.060884	0.036498	0.037267	0.050769	0.081354	0.058729	0.061507	0.109537	644901.5	644901.5
81	0.321775	0.182471	0.186128	0.309626	0.402148	0.136866	0.275334	0.258967	0.117123	0.051050	0.059457	0.094145	0.062914	0.035362	0.028197	0.055997	0.061791	0.036344	0.036962	0.051030	0.080928	0.057655	0.061091	0.109952	644901.5	644901.5
82	0.322756	0.180412	0.185707	0.311124	0.403085	0.136058	0.274291	0.260731	0.116961	0.051613	0.058887	0.095296	0.061440	0.035440	0.027722	0.055811	0.061823	0.036276	0.036620	0.050988	0.080574	0.059227	0.061070	0.110253	644901.5	644901.5
83	0.320798	0.182555	0.184299	0.312348	0.402983	0.136382	0.273222	0.259175	0.116689	0.050983	0.059023	0.094103	0.062691	0.035384	0.028478	0.056002	0.060948	0.035958	0.036561	0.050831	0.082440	0.058038	0.062119	0.109751	644901.5	644901.5
84	0.322769	0.180364	0.186181	0.310686	0.401681	0.136592	0.275429	0.258319	0.116371	0.051574	0.060041	0.094783	0.061692	0.035201	0.028173	0.055299	0.061989	0.036192	0.037027	0.050973	0.081173	0.058465	0.061694	0.109355	644901.5	644901.5
85	0.321225	0.181431	0.186935	0.310409	0.401124	0.137750	0.274506	0.261158	0.116813	0.051499	0.058643	0.094269	0.061064	0.035653	0.028221	0.056493	0.061732	0.036558	0.037318	0.051327	0.079988	0.058959	0.061409	0.110053	644901.5	644901.5
86	0.319597	0.182669	0.185591	0.312143	0.399943	0.137669	0.273014	0.260148	0.115983	0.051106	0.059398	0.093110	0.062501	0.035368	0.028412	0.056388	0.060491	0.036747	0.037141	0.051211	0.081243	0.058785	0.062507	0.109607	644901.5	644901.5
87	0.320219	0.182007	0.187459	0.310316	0.399033	0.137855	0.274213	0.259710	0.116226	0.051523	0.059387	0.093082	0.062267	0.035458	0.028176	0.056106	0.061625	0.037246	0.036975	0.051613	0.080447	0.058869	0.061723	0.109277	644901.5	644901.5
88	0.320565	0.183096	0.186260	0.310078	0.400340	0.137516	0.273009	0.261207	0.116884	0.051934	0.058206	0.093542	0.062287	0.036060	0.028199	0.056550	0.061214	0.036552	0.036706	0.051789	0.080169	0.058851	0.061313	0.109745	644901.5	644901.5
89	0.320554	0.183396	0.184424	0.311627	0.400603	0.136459	0.272727	0.259221	0.116569	0.051730	0.059093	0.093162	0.063044	0.035705	0.028617	0.056030	0.060694	0.035765	0.036371	0.051593	0.081806	0.058418	0.062336	0.109067	644901.5	644901.5
90	0.322112	0.181619	0.186417	0.309852	0.401527	0.135903	0.275291	0.258746	0.117513	0.051813	0.059033	0.093752	0.063105	0.035133	0.027544	0.055837	0.061686	0.036168	0.037058	0.051505	0.080749	0.058262	0.061328	0.109513	644901.5	644901.5
91	0.323053	0.181377	0.184963	0.310607	0.401697	0.135935	0.274561	0.259999	0.117050	0.051673	0.059650	0.094680	0.061728	0.035681	0.027870	0.056098	0.061458	0.035981	0.036402	0.051121	0.080960	0.059214	0.061426	0.109007	644901.5	644901.5
92	0.321196	0.182549	0.185349	0.310906	0.399974	0.138069	0.273647	0.258367	0.116511	0.051762	0.059219	0.093704	0.062547	0.035309	0.028464	0.056229	0.060523	0.036902	0.037394	0.050530	0.081335	0.058404	0.062742	0.108424	644901.5	644901.5
93	0.320916	0.182377	0.187819	0.308887	0.397765	0.137857	0.275433	0.258457	0.116784	0.051366	0.059663	0.093103	0.062855	0.035662	0.028268	0.055593	0.061933	0.036874	0.037053	0.051960	0.079573	0.058896	0.062113	0.108306	644901.5	644901.5
94	0.321144	0.182798	0.187098	0.308961	0.398470	0.137666	0.274302	0.259357	0.116658	0.052499	0.059159	0.092827	0.062705	0.035596	0.028232	0.056264	0.061484	0.036837	0.037001	0.051776	0.080481	0.058993	0.060983	0.108504	644901.5	644901.5
95	0.321328	0.183925	0.185376	0.309371	0.399998	0.138234	0.273912	0.259377	0.116806	0.051885	0.058944	0.093693	0.062918	0.036045	0.028685	0.056277	0.060811	0.036153	0.037351	0.051061	0.080698	0.058254	0.061618	0.108801	644901.5	644901.5
96	0.321234	0.182337	0.186598	0.309831	0.399159	0.137466	0.274668	0.258150	0.116588	0.052118	0.059359	0.093168	0.062807	0.035554	0.028393	0.055582	0.061486	0.036283	0.037235	0.051594	0.080831	0.058442	0.061986	0.108572	644901.5	644901.5
97	0.321712	0.182398	0.186974	0.308916	0.398218	0.137493	0.274325	0.259865	0.116862	0.052707	0.058842	0.093301	0.062340	0.035649	0.027988	0.056421	0.061357	0.036592	0.037265	0.051761	0.079258	0.058998	0.061863	0.108797	644901.5	644901.5
98	0.319816	0.183946	0.185957	0.310281	0.397877	0.138015	0.273529	0.258653	0.115654	0.051634	0.059491	0.093037	0.063612	0.035482	0.028694	0.056157	0.060970	0.036424	0.037414	0.051149	0.080795	0.058621	0.062473	0.108392	644901.5	644901.5
99	0.321030	0.182162	0.188073	0.308735	0.397755	0.138536	0.275241	0.258200	0.116652	0.052279	0.059263	0.092836	0.062760	0.035747	0.028155	0.055499	0.061933	0.037241	0.037393	0.051506	0.080008	0.058694	0.061773	0.108259	644901.5	644901.5
100	0.321354	0.183961	0.186584	0.308101	0.398552	0.137750	0.274568	0.260418	0.116715	0.052217	0.058890	0.093532	0.063398	0.036221	0.027953	0.056389	0.061797	0.036410	0.037165	0.051212	0.078937	0.058441	0.061356	0.109367	644901.5	644901.5
101	0.320847	0.183288	0.185364	0.310500	0.399122	0.137185	0.273581	0.258736	0.116398	0.051669	0.059666	0.093114	0.063453	0.035664	0.028336	0.055835	0.060689	0.036357	0.036827	0.051491	0.080889	0.058515	0.062375	0.108721	644901.5	644901.5
102	0.321429	0.182205	0.187205	0.309161	0.399207	0.137565	0.275550	0.260051	0.116798	0.051672	0.059765	0.093193	0.062510	0.035797	0.028259	0.055640	0.061754	0.036278	0.037232	0.051940	0.079349	0.058747	0.061199	0.109866	644901.5	644901.5
103	0.320411	0.182494	0.186455	0.310640	0.398738	0.137620	0.273779	0.261181	0.116145	0.052117	0.059107	0.093041	0.062613	0.035971	0.027922	0.055987	0.061071	0.036271	0.037455	0.051657	0.079691	0.059362	0.061726	0.109861	644901.5	644901.5
104	0.319521	0.183722	0.186211	0.310546	0.398598	0.137271	0.273729	0.261085	0.115787	0.051758	0.058911	0.093065	0.063767	0.036068	0.027861	0.056026	0.061769	0.036081	0.037262	0.051099	0.079660	0.058905	0.061895	0.110086	644901.5	644901.5
105	0.320983	0.182812	0.185928	0.310277	0.398401	0.137888	0.274336	0.260399	0.116175	0.052034	0.059497	0.093276	0.063162	0.036006	0.028232	0.055411	0.061627	0.036613	0.037036	0.050652	0.079618	0.059651	0.061676	0.109331	644901.5	644901.5
106	0.320583	0.184305	0.186442	0.308670	0.397279	0.138923	0.273520	0.261363	0.116002	0.052410	0.058995	0.093176	0.062897	0.036689	0.027931	0.056787	0.060954	0.036734	0.037569	0.051185	0.079376	0.059163	0.061407	0.108724	644901.5	644901.5
107	0.319230	0.184995	0.185902	0.309873	0.396124	0.138659	0.273061	0.260441	0.115039	0.052021	0.059881	0.092289	0.063592	0.036092	0.028701	0.056610	0.060991	0.036717	0.037149	0.051044	0.079777	0.058720	0.062357	0.109019	644901.5	644901.5
108	0.319400	0.183550	0.188088	0.308962	0.395418	0.138762	0.274249	0.260154	0.115125	0.052481	0.059577	0.092216	0.063270	0.036133	0.028306	0.055841	0.062037	0.036814	0.037510	0.051728	0.078586	0.058690	0.062196	0.109490	644901.5	644901.5
109	0.319018	0.184118	0.187588	0.309275	0.395177	0.138555	0.273737	0.262300	0.115580	0.051917	0.059324	0.092198	0.063031	0.036135	0.027807	0.057144	0.061422	0.037201	0.037412	0.051554	0.078137	0.059758	0.062118	0.109262	644901.5	644901.5
110	0.318170	0.185011	0.186661	0.310158	0.396078	0.138682	0.272815	0.260410	0.115616	0.052092	0.059037	0.091424	0.064121	0.035988	0.028399	0.056504	0.061114	0.037247	0.037048	0.051252	0.079787	0.058667	0.062454	0.109251	644901.5	644901.5
111	0.320637	0.183994	0.186938	0.308431	0.395792	0.138556	0.274442	0.259933	0.115978	0.052495	0.060097	0.092068	0.063745	0.035999	0.028442	0.055809	0.061167	0.036916	0.037200	0.051655	0.078400	0.058779	0.061906	0.109347	644901.5	644901.5
112	0.319290	0.184188	0.187644	0.308878	0.394892	0.138831	0.274253	0.262216	0.115997	0.052588	0.059119	0.091586	0.063165	0.036257	0.028316	0.056450	0.061692	0.036813	0.037445	0.051695	0.077789	0.059989	0.061580	0.109521	644901.5	644901.5
113	0.318642	0.185646	0.186460	0.309251	0.394936	0.138969	0.274336	0.261002	0.116102	0.052210	0.059308	0.091022	0.063773	0.035757	0.028490	0.057627	0.060970	0.036766	0.037956	0.050768	0.079394	0.059200	0.062240	0.108418	644901.5	644901.5
114	0.320238	0.183933	0.187994	0.307835	0.394884	0.138485	0.275675	0.260606	0.115970	0.052226	0.059969	0.092073	0.062570	0.035749	0.028457	0.057157	0.062153	0.036696	0.037582	0.051562	0.078210	0.059069	0.061926	0.108631	644901.5	644901.5
115	0.318903	0.183740	0.187934	0.309423	0.394912	0.138780	0.274257	0.263371	0.115383	0.052215	0.059493	0.091812	0.062290	0.036469	0.028252	0.056729	0.062002	0.036681	0.037379	0.051872	0.077675	0.060131	0.061575	0.110042	644901.5	644901.5
116	0.317350	0.185496	0.186698	0.310456	0.393686	0.139316	0.273118	0.261290	0.115465	0.052148	0.059107	0.090630	0.064139	0.036140	0.028687	0.056529	0.060953	0.036896	0.037593	0.051257	0.078626	0.059656	0.063210	0.108965	644901.5	644901.5
117	0.319184	0.184840	0.188596	0.307380	0.393293	0.141076	0.275014	0.260175	0.115108	0.052734	0.059870	0.091471	0.063219	0.036502	0.028573	0.056547	0.061497	0.037462	0.038539	0.051098	0.078439	0.058852	0.061814	0.108275	644901.5	644901.5
118	0.318263	0.185550	0.188796	0.307391	0.392836	0.140970	0.273660	0.261698	0.114604	0.052447	0.059458	0.091754	0.063319	0.036588	0.028401	0.057242	0.061800	0.038182	0.037799	0.051016	0.078070	0.059460	0.061453	0.108408	644901.5	644901.5
119	0.317793	0.186677	0.187111	0.308420	0.393093	0.140557	0.272860	0.261286	0.114950	0.052134	0.059379	0.091329	0.063639	0.036898	0.028982	0.057158	0.060833	0.036979	0.037698	0.051600	0.078863	0.059280	0.062327	0.107950	644901.5	644901.5
120	0.318286	0.185292	0.188385	0.308037	0.392608	0.139664	0.273951	0.261819	0.114471	0.052981	0.059366	0.091468	0.063828	0.036410	0.028173	0.056882	0.061914	0.036881	0.038200	0.051390	0.077663	0.059521	0.061847	0.109006	644901.5	644901.5
121	0.317876	0.185793	0.187585	0.308746	0.393340	0.139426	0.272833	0.263595	0.114623	0.052567	0.058941	0.091745	0.063338	0.036761	0.028383	0.057310	0.061769	0.036781	0.037500	0.051535	0.077940	0.060491	0.061282	0.109032	644901.5	644901.5
122	0.317670	0.186601	0.186107	0.309622	0.393952	0.139769	0.272465	0.262529	0.114526	0.052249	0.059433	0.091462	0.063907	0.036704	0.029068	0.056922	0.061147	0.036638	0.037359	0.050963	0.078802	0.059741	0.061917	0.109162	644901.5	644901.5
123	0.318381	0.185332	0.187778	0.308509	0.392823	0.139743	0.273915	0.261911	0.114990	0.052341	0.059758	0.091293	0.063215	0.036545	0.028561	0.057011	0.061406	0.036875	0.037762	0.051735	0.077861	0.059676	0.062293	0.108679	644901.5	644901.5
124	0.317471	0.185437	0.188374	0.308718	0.391690	0.139961	0.272792	0.263529	0.113823	0.052585	0.059605	0.091458	0.063256	0.036457	0.028363	0.057361	0.061487	0.037264	0.037877	0.051746	0.077420	0.060723	0.061586	0.108989	644901.5	644901.5
125	0.315986	0.187029	0.187432	0.309553	0.391198	0.140433	0.272078	0.263829	0.113697	0.052431	0.059715	0.090143	0.063236	0.036613	0.028878	0.058302	0.061050	0.037326	0.037617	0.051440	0.078274	0.059832	0.062365	0.109083	644901.5	644901.5
126	0.316257	0.186201	0.188574	0.308968	0.391767	0.140249	0.272517	0.263222	0.113799	0.052509	0.059014	0.090935	0.063076	0.036616	0.028804	0.057706	0.062147	0.037272	0.037556	0.051598	0.077610	0.059478	0.062457	0.109423	644901.5	644901.5
127	0.316632	0.185875	0.187832	0.309661	0.392883	0.140051	0.271712	0.264164	0.114773	0.052587	0.058358	0.090914	0.062997	0.037041	0.028428	0.057409	0.061385	0.037386	0.037196	0.051865	0.077774	0.060291	0.062174	0.109422	644901.5	644901.5
128	0.316930	0.187306	0.186155	0.309609	0.392429	0.140790	0.270645	0.262895	0.113585	0.052392	0.059548	0.091405	0.063666	0.037206	0.028871	0.057562	0.060103	0.037303	0.037410	0.051340	0.078892	0.059579	0.062591	0.108548	644901.5	644901.5
129	0.316246	0.186480	0.188419	0.308854	0.390558	0.140197	0.271697	0.262635	0.113640	0.053127	0.059063	0.090416	0.063686	0.036697	0.028486	0.057611	0.061497	0.037518	0.037496	0.051908	0.078020	0.059845	0.062507	0.108482	644901.5	644901.5
130	0.316843	0.187187	0.187553	0.308418	0.390985	0.139640	0.271799	0.264465	0.113877	0.052692	0.059304	0.090970	0.064010	0.036620	0.028503	0.058055	0.061616	0.037517	0.037001	0.051419	0.076830	0.060483	0.061797	0.109308	644901.5	644901.5
131	0.316333	0.187311	0.186605	0.309751	0.391544	0.139574	0.271364	0.263248	0.113628	0.052434	0.059192	0.091079	0.064228	0.036886	0.028662	0.057534	0.061085	0.036567	0.037459	0.051495	0.078062	0.060053	0.062862	0.108774	644901.5	644901.5
132	0.317003	0.185940	0.188174	0.308882	0.391516	0.140136	0.272587	0.263725	0.113894	0.052329	0.059397	0.091383	0.063244	0.036904	0.028469	0.057323	0.061350	0.036817	0.037946	0.052061	0.077258	0.060515	0.062127	0.108982	644901.5	644901.5
133	0.315745	0.186566	0.187940	0.309750	0.392298	0.139973	0.270797	0.264815	0.113131	0.052126	0.058843	0.091645	0.063737	0.036576	0.028324	0.057928	0.061382	0.037632	0.037441	0.051485	0.077648	0.060437	0.061791	0.109873	644901.5	644901.5
134	0.315899	0.186771	0.186399	0.310931	0.391928	0.140382	0.271331	0.263436	0.113197	0.052043	0.059792	0.090867	0.063434	0.036827	0.029205	0.057304	0.060831	0.036838	0.037511	0.051219	0.078486	0.059925	0.063141	0.109379	644901.5	644901.5
135	0.315948	0.185634	0.189650	0.308768	0.390089	0.140796	0.272991	0.263013	0.112917	0.052095	0.060114	0.090822	0.063212	0.036808	0.028624	0.056990	0.062053	0.037457	0.037907	0.052233	0.077342	0.060208	0.062211	0.109007	644901.5	644901.5
136	0.315524	0.186567	0.188856	0.309053	0.391211	0.140394	0.271955	0.265084	0.113375	0.052283	0.059256	0.090611	0.063457	0.037226	0.028269	0.057615	0.061648	0.037222	0.037677	0.052309	0.077337	0.060354	0.061473	0.109889	644901.5	644901.5
137	0.315816	0.187085	0.186675	0.310423	0.390365	0.139926	0.271434	0.264028	0.113399	0.052465	0.059834	0.090118	0.063572	0.036953	0.028721	0.057840	0.060742	0.036794	0.037458	0.051681	0.078074	0.060462	0.063114	0.108773	644901.5	644901.5
138	0.315787	0.186673	0.189127	0.308412	0.388828	0.141518	0.272299	0.264033	0.113065	0.052931	0.059819	0.089973	0.063248	0.037363	0.028482	0.057581	0.061212	0.037469	0.038204	0.052243	0.077346	0.060645	0.061977	0.108444	644901.5	644901.5
139	0.314870	0.188408	0.188481	0.308241	0.389494	0.140456	0.270261	0.265120	0.112994	0.052490	0.058669	0.090717	0.063800	0.037465	0.028439	0.058704	0.061607	0.037559	0.036992	0.052323	0.077239	0.060407	0.062051	0.108544	644901.5	644901.5
140	0.315640	0.187922	0.186150	0.310288	0.391713	0.139440	0.270885	0.263960	0.113689	0.052003	0.059218	0.090731	0.064194	0.036809	0.028804	0.058114	0.060776	0.036624	0.037203	0.051547	0.078517	0.060261	0.062734	0.108776	644901.5	644901.5
141	0.317176	0.185697	0.187958	0.309168	0.391615	0.140219	0.273060	0.264311	0.113874	0.052435	0.059942	0.090925	0.062512	0.036944	0.028600	0.057641	0.061603	0.037034	0.037641	0.051680	0.077420	0.060329	0.062023	0.109397	644901.5	644901.5
