Distance in bp(Fragment Length Estimate: 66)(Peak Width Estimate: 66)	Same Strand (+ for Watson strand, - for Crick)	Opposite Strand
-2000	125924.0	124271.0
-1999	125612.0	124479.0
-1998	125840.0	124335.0
-1997	125741.0	124106.0
-1996	125786.0	124430.0
-1995	125956.0	124277.0
-1994	125847.0	124364.0
-1993	125648.0	124494.0
-1992	125769.0	124604.0
-1991	125529.0	124429.0
-1990	125406.0	124575.0
-1989	125605.0	124858.0
-1988	125603.0	124528.0
-1987	125894.0	124686.0
-1986	125893.0	124677.0
-1985	125720.0	124464.0
-1984	126073.0	124496.0
-1983	125706.0	124307.0
-1982	125551.0	124435.0
-1981	125893.0	124438.0
-1980	125401.0	124616.0
-1979	125565.0	124614.0
-1978	125509.0	124349.0
-1977	125973.0	124585.0
-1976	125880.0	124573.0
-1975	125771.0	124529.0
-1974	125689.0	124452.0
-1973	125587.0	124466.0
-1972	125662.0	124738.0
-1971	125722.0	124450.0
-1970	126042.0	124262.0
-1969	125478.0	124667.0
-1968	125993.0	124534.0
-1967	125691.0	124597.0
-1966	125919.0	124516.0
-1965	125784.0	124358.0
-1964	125781.0	124668.0
-1963	125659.0	124478.0
-1962	125869.0	124589.0
-1961	125531.0	124721.0
-1960	126094.0	124551.0
-1959	125755.0	124851.0
-1958	125850.0	124463.0
-1957	125816.0	124457.0
-1956	125873.0	124494.0
-1955	125701.0	124341.0
-1954	125476.0	124783.0
-1953	125413.0	124906.0
-1952	125580.0	124771.0
-1951	125733.0	124698.0
-1950	125605.0	124667.0
-1949	125736.0	124772.0
-1948	125685.0	124742.0
-1947	125711.0	124714.0
-1946	125957.0	124719.0
-1945	125784.0	124734.0
-1944	125702.0	124719.0
-1943	125653.0	124604.0
-1942	126058.0	124719.0
-1941	125788.0	124573.0
-1940	125878.0	124581.0
-1939	125863.0	124698.0
-1938	126015.0	124817.0
-1937	125869.0	124730.0
-1936	125813.0	124720.0
-1935	125945.0	124723.0
-1934	125685.0	124573.0
-1933	125669.0	124228.0
-1932	125596.0	124481.0
-1931	125803.0	124433.0
-1930	125664.0	124491.0
-1929	125890.0	124693.0
-1928	125757.0	124667.0
-1927	125459.0	124493.0
-1926	125621.0	124496.0
-1925	125748.0	124352.0
-1924	125745.0	124652.0
-1923	125565.0	124417.0
-1922	125513.0	124512.0
-1921	125380.0	124624.0
-1920	125506.0	124607.0
-1919	125571.0	124557.0
-1918	125649.0	124510.0
-1917	125568.0	124743.0
-1916	125595.0	124716.0
-1915	125552.0	124501.0
-1914	125551.0	124855.0
-1913	125325.0	124619.0
-1912	125377.0	124678.0
-1911	125308.0	124593.0
-1910	125520.0	124928.0
-1909	125403.0	124486.0
-1908	125396.0	124480.0
-1907	125306.0	124521.0
-1906	125470.0	124546.0
-1905	125660.0	124480.0
-1904	125586.0	124439.0
-1903	125600.0	124551.0
-1902	125361.0	124608.0
-1901	125477.0	124498.0
-1900	125295.0	124738.0
-1899	125106.0	124352.0
-1898	125233.0	124659.0
-1897	125581.0	124644.0
-1896	125601.0	124451.0
-1895	125268.0	124722.0
-1894	125535.0	124534.0
-1893	125380.0	124467.0
-1892	125558.0	124354.0
-1891	125729.0	124486.0
-1890	125632.0	124657.0
-1889	125179.0	124531.0
-1888	125419.0	124874.0
-1887	125474.0	124589.0
-1886	125379.0	124676.0
-1885	125592.0	124438.0
-1884	125552.0	124756.0
-1883	125622.0	124644.0
-1882	125323.0	124732.0
-1881	125404.0	124400.0
-1880	125488.0	124440.0
-1879	125203.0	124871.0
-1878	125743.0	124711.0
-1877	125399.0	124670.0
-1876	125624.0	124775.0
-1875	125437.0	124611.0
-1874	125549.0	124450.0
-1873	125376.0	124736.0
-1872	125506.0	124828.0
-1871	125601.0	124233.0
-1870	125512.0	124300.0
-1869	125766.0	124563.0
-1868	125514.0	124416.0
-1867	125284.0	124578.0
-1866	125462.0	124388.0
-1865	125710.0	124428.0
-1864	125574.0	124582.0
-1863	125419.0	124624.0
-1862	125824.0	124693.0
-1861	125399.0	124367.0
-1860	125383.0	124579.0
-1859	125426.0	124736.0
-1858	125666.0	124746.0
-1857	125412.0	124732.0
-1856	125589.0	124365.0
-1855	125574.0	124611.0
-1854	125847.0	124356.0
-1853	125616.0	124391.0
-1852	125540.0	124431.0
-1851	125750.0	124255.0
-1850	125615.0	124446.0
-1849	125759.0	124416.0
-1848	125632.0	124760.0
-1847	125662.0	124385.0
-1846	125836.0	124318.0
-1845	125599.0	124394.0
-1844	125634.0	124637.0
-1843	125549.0	124459.0
-1842	125562.0	124499.0
-1841	125595.0	124384.0
-1840	125521.0	124669.0
-1839	125436.0	124245.0
-1838	125312.0	124280.0
-1837	125516.0	124078.0
-1836	125466.0	124415.0
-1835	125366.0	124094.0
-1834	125360.0	124303.0
-1833	125503.0	124455.0
-1832	125566.0	124168.0
-1831	125349.0	124115.0
-1830	125617.0	124283.0
-1829	125345.0	124560.0
-1828	125622.0	124548.0
-1827	125498.0	124388.0
-1826	125535.0	124634.0
-1825	125546.0	124618.0
-1824	125553.0	124570.0
-1823	125415.0	124515.0
-1822	125321.0	124617.0
-1821	125622.0	124643.0
-1820	125610.0	124276.0
-1819	125967.0	124476.0
-1818	125638.0	124516.0
-1817	125530.0	124261.0
-1816	125313.0	124283.0
-1815	125498.0	124268.0
-1814	125319.0	124231.0
-1813	125504.0	124518.0
-1812	125470.0	124155.0
-1811	125397.0	124481.0
-1810	125668.0	124546.0
-1809	125661.0	124643.0
-1808	125588.0	124633.0
-1807	125562.0	124300.0
-1806	125469.0	124330.0
-1805	125344.0	124492.0
-1804	125577.0	124353.0
-1803	125460.0	124117.0
-1802	125373.0	124164.0
-1801	125555.0	124258.0
-1800	125532.0	124282.0
-1799	125367.0	124166.0
-1798	125499.0	124433.0
-1797	125779.0	124228.0
-1796	125247.0	124483.0
-1795	125661.0	124502.0
-1794	125353.0	124528.0
-1793	125810.0	124742.0
-1792	125834.0	124516.0
-1791	125735.0	124996.0
-1790	125410.0	124411.0
-1789	125636.0	124390.0
-1788	125320.0	124277.0
-1787	125747.0	124435.0
-1786	125553.0	124612.0
-1785	125703.0	124667.0
-1784	125303.0	124508.0
-1783	125519.0	124362.0
-1782	125846.0	124455.0
-1781	125256.0	124325.0
-1780	125769.0	124813.0
-1779	125621.0	124679.0
-1778	125510.0	124538.0
-1777	125268.0	124687.0
-1776	125544.0	124530.0
-1775	125764.0	124519.0
-1774	125308.0	124682.0
-1773	125444.0	124419.0
-1772	125385.0	124567.0
-1771	125487.0	124479.0
-1770	125548.0	124550.0
-1769	125561.0	124379.0
-1768	125604.0	124708.0
-1767	125442.0	124399.0
-1766	125661.0	124486.0
-1765	125495.0	124539.0
-1764	125389.0	124419.0
-1763	125499.0	124628.0
-1762	125832.0	124663.0
-1761	125375.0	124406.0
-1760	125747.0	124738.0
-1759	125175.0	124645.0
-1758	125304.0	124508.0
-1757	125640.0	124470.0
-1756	125520.0	124246.0
-1755	125471.0	124626.0
-1754	125508.0	124072.0
-1753	125306.0	124376.0
-1752	125503.0	124676.0
-1751	125437.0	124740.0
-1750	125160.0	124618.0
-1749	125621.0	124299.0
-1748	125588.0	124167.0
-1747	125487.0	124451.0
-1746	125172.0	124234.0
-1745	125611.0	124506.0
-1744	125577.0	124418.0
-1743	125410.0	124339.0
-1742	125675.0	124378.0
-1741	125534.0	124384.0
-1740	125542.0	124457.0
-1739	125712.0	124494.0
-1738	125478.0	124298.0
-1737	125547.0	124364.0
-1736	125446.0	124398.0
-1735	125516.0	124194.0
-1734	125640.0	124626.0
-1733	125867.0	124122.0
-1732	125556.0	124350.0
-1731	125172.0	124379.0
-1730	125443.0	124294.0
-1729	125518.0	124215.0
-1728	125437.0	124171.0
-1727	125646.0	124292.0
-1726	125457.0	123895.0
-1725	125417.0	124212.0
-1724	125457.0	124306.0
-1723	125819.0	124480.0
-1722	125673.0	124210.0
-1721	125701.0	124280.0
-1720	125567.0	124353.0
-1719	125543.0	124408.0
-1718	125519.0	124066.0
-1717	126099.0	124121.0
-1716	126042.0	124195.0
-1715	125575.0	124204.0
-1714	125690.0	124160.0
-1713	125438.0	124496.0
-1712	125633.0	124226.0
-1711	125823.0	124289.0
-1710	125692.0	124640.0
-1709	125694.0	124307.0
-1708	125778.0	124038.0
-1707	125637.0	124330.0
-1706	125685.0	124107.0
-1705	125321.0	124383.0
-1704	125477.0	124221.0
-1703	125588.0	124408.0
-1702	125307.0	124164.0
-1701	125280.0	123835.0
-1700	125464.0	124148.0
-1699	125580.0	124290.0
-1698	125675.0	124227.0
-1697	125729.0	124404.0
-1696	125598.0	124368.0
-1695	125677.0	124296.0
-1694	125533.0	124123.0
-1693	125461.0	124478.0
-1692	125283.0	124213.0
-1691	125629.0	124273.0
-1690	125440.0	124186.0
-1689	125113.0	124343.0
-1688	125549.0	124336.0
-1687	125620.0	124226.0
-1686	125595.0	124195.0
-1685	125412.0	124403.0
-1684	125315.0	124192.0
-1683	125248.0	124120.0
-1682	125504.0	124297.0
-1681	125590.0	124347.0
-1680	125262.0	124234.0
-1679	125428.0	124387.0
-1678	125489.0	124432.0
-1677	125268.0	124088.0
-1676	125304.0	124545.0
-1675	125474.0	124247.0
-1674	125167.0	124339.0
-1673	125408.0	124431.0
-1672	125626.0	124623.0
-1671	125337.0	124088.0
-1670	125199.0	124366.0
-1669	125279.0	124331.0
-1668	125178.0	124332.0
-1667	125407.0	124381.0
-1666	125358.0	124433.0
-1665	125517.0	124361.0
-1664	125293.0	124250.0
-1663	125450.0	124276.0
-1662	125063.0	124314.0
-1661	125289.0	124434.0
-1660	125277.0	124389.0
-1659	125317.0	124864.0
-1658	125102.0	124301.0
-1657	125264.0	124485.0
-1656	125413.0	124513.0
-1655	125289.0	124455.0
-1654	125326.0	124462.0
-1653	125078.0	124335.0
-1652	125410.0	124432.0
-1651	125093.0	124390.0
-1650	125525.0	124386.0
-1649	125260.0	124355.0
-1648	125227.0	124415.0
-1647	125322.0	124341.0
-1646	125155.0	124300.0
-1645	125472.0	124418.0
-1644	125371.0	124591.0
-1643	125310.0	124163.0
-1642	125294.0	124492.0
-1641	125264.0	124592.0
-1640	125485.0	124505.0
-1639	125323.0	124498.0
-1638	125410.0	124074.0
-1637	125400.0	124148.0
-1636	125319.0	124099.0
-1635	125345.0	124201.0
-1634	125472.0	124172.0
-1633	125651.0	124142.0
-1632	125395.0	124319.0
-1631	125508.0	124196.0
-1630	125357.0	124611.0
-1629	125163.0	124565.0
-1628	125407.0	124363.0
-1627	125456.0	124377.0
-1626	125222.0	124114.0
-1625	125485.0	124107.0
-1624	125448.0	124173.0
-1623	125271.0	124086.0
-1622	125300.0	124124.0
-1621	125394.0	124157.0
-1620	125606.0	124279.0
-1619	125578.0	124257.0
-1618	125246.0	124465.0
-1617	125413.0	124444.0
-1616	125246.0	124396.0
-1615	125426.0	124179.0
-1614	125481.0	123727.0
-1613	125370.0	124275.0
-1612	125415.0	123996.0
-1611	125358.0	123984.0
-1610	125411.0	124323.0
-1609	125364.0	124259.0
-1608	125426.0	124264.0
-1607	125555.0	124175.0
-1606	125344.0	124350.0
-1605	125441.0	124226.0
-1604	125170.0	124335.0
-1603	125308.0	124218.0
-1602	125518.0	124232.0
-1601	125481.0	124143.0
-1600	125472.0	124282.0
-1599	125671.0	124304.0
-1598	125625.0	124172.0
-1597	125775.0	123793.0
-1596	125472.0	124070.0
-1595	125610.0	124179.0
-1594	125739.0	124264.0
-1593	125788.0	124301.0
-1592	125488.0	124070.0
-1591	125559.0	124226.0
-1590	125662.0	124093.0
-1589	125748.0	124313.0
-1588	125771.0	124075.0
-1587	125583.0	124066.0
-1586	125382.0	124111.0
-1585	125743.0	124381.0
-1584	125692.0	124119.0
-1583	125526.0	124388.0
-1582	125581.0	123883.0
-1581	125514.0	124041.0
-1580	125748.0	124327.0
-1579	125560.0	124189.0
-1578	125562.0	124257.0
-1577	125792.0	124169.0
-1576	125644.0	124383.0
-1575	125839.0	124332.0
-1574	125461.0	124205.0
-1573	125383.0	124316.0
-1572	125658.0	124502.0
-1571	125276.0	124345.0
-1570	125635.0	124592.0
-1569	125689.0	124443.0
-1568	125716.0	124420.0
-1567	125525.0	124197.0
-1566	125593.0	124322.0
-1565	125423.0	124377.0
-1564	125633.0	124156.0
-1563	125445.0	124216.0
-1562	125445.0	124315.0
-1561	125528.0	124030.0
-1560	125772.0	124677.0
-1559	125541.0	124240.0
-1558	125511.0	124397.0
-1557	125399.0	124326.0
-1556	125196.0	124203.0
-1555	125503.0	124427.0
-1554	125274.0	124484.0
-1553	125427.0	124326.0
-1552	125433.0	124267.0
-1551	125471.0	124263.0
-1550	125573.0	124346.0
-1549	125405.0	124220.0
-1548	125255.0	124346.0
-1547	125333.0	124145.0
-1546	125648.0	124334.0
-1545	125682.0	124533.0
-1544	125405.0	124197.0
-1543	125361.0	124273.0
-1542	125530.0	124293.0
-1541	125167.0	124437.0
-1540	125324.0	124534.0
-1539	125036.0	124249.0
-1538	125179.0	124395.0
-1537	125051.0	124641.0
-1536	125056.0	124276.0
-1535	125275.0	124375.0
-1534	125315.0	124258.0
-1533	125147.0	124574.0
-1532	125308.0	124452.0
-1531	125404.0	124448.0
-1530	125395.0	124387.0
-1529	125417.0	124215.0
-1528	125359.0	124331.0
-1527	125238.0	124082.0
-1526	125467.0	124341.0
-1525	125753.0	124306.0
-1524	125322.0	124420.0
-1523	125473.0	124346.0
-1522	125453.0	124513.0
-1521	125532.0	124270.0
-1520	125428.0	124380.0
-1519	125550.0	124610.0
-1518	125336.0	124401.0
-1517	125348.0	124604.0
-1516	125363.0	124345.0
-1515	125499.0	124295.0
-1514	125326.0	124479.0
-1513	125535.0	124164.0
-1512	125294.0	124416.0
-1511	125487.0	124567.0
-1510	125488.0	124543.0
-1509	125500.0	124634.0
-1508	125277.0	124553.0
-1507	125049.0	124515.0
-1506	125014.0	124560.0
-1505	125092.0	124243.0
-1504	125464.0	124357.0
-1503	125355.0	124304.0
-1502	124834.0	124105.0
-1501	125322.0	124660.0
-1500	125459.0	124371.0
-1499	125609.0	124186.0
-1498	125420.0	124358.0
-1497	125282.0	124372.0
-1496	125447.0	124509.0
-1495	125491.0	124426.0
-1494	125514.0	124465.0
-1493	125161.0	124287.0
-1492	125522.0	124544.0
-1491	125541.0	124436.0
-1490	125553.0	124388.0
-1489	125550.0	124177.0
-1488	125636.0	124724.0
-1487	125574.0	124401.0
-1486	125529.0	124160.0
-1485	125467.0	124405.0
-1484	125627.0	124335.0
-1483	125556.0	124462.0
-1482	125320.0	124240.0
-1481	125563.0	124169.0
-1480	125047.0	124510.0
-1479	125489.0	124667.0
-1478	125093.0	124381.0
-1477	125777.0	124552.0
-1476	125646.0	124215.0
-1475	125452.0	124082.0
-1474	125596.0	124148.0
-1473	125612.0	123937.0
-1472	125483.0	124291.0
-1471	125534.0	124178.0
-1470	125377.0	124530.0
-1469	125361.0	124430.0
-1468	125346.0	124354.0
-1467	125526.0	124195.0
-1466	125223.0	124207.0
-1465	125418.0	124344.0
-1464	125631.0	124530.0
-1463	125409.0	124277.0
-1462	125522.0	124330.0
-1461	125637.0	124252.0
-1460	125651.0	124056.0
-1459	125738.0	124335.0
-1458	125508.0	123856.0
-1457	125476.0	124349.0
-1456	125453.0	124193.0
-1455	125413.0	124212.0
-1454	125484.0	124427.0
-1453	125586.0	124315.0
-1452	125527.0	124606.0
-1451	125462.0	124165.0
-1450	125513.0	124160.0
-1449	125390.0	124216.0
-1448	125671.0	124339.0
-1447	125422.0	124088.0
-1446	125360.0	124492.0
-1445	125145.0	124349.0
-1444	125320.0	124429.0
-1443	125385.0	124378.0
-1442	125510.0	124384.0
-1441	125339.0	124127.0
-1440	125358.0	124265.0
-1439	125841.0	124108.0
-1438	125673.0	124030.0
-1437	126131.0	124241.0
-1436	125722.0	124515.0
-1435	125540.0	124135.0
-1434	125458.0	123921.0
-1433	125729.0	124106.0
-1432	125981.0	124253.0
-1431	125249.0	124261.0
-1430	125727.0	124431.0
-1429	125551.0	124116.0
-1428	125820.0	124275.0
-1427	125605.0	124262.0
-1426	125527.0	124524.0
-1425	125580.0	124564.0
-1424	125505.0	124456.0
-1423	125527.0	123994.0
-1422	125507.0	124400.0
-1421	125612.0	124238.0
-1420	125613.0	124532.0
-1419	125923.0	124393.0
-1418	125625.0	124302.0
-1417	125560.0	124346.0
-1416	125381.0	124000.0
-1415	125606.0	124104.0
-1414	125612.0	124084.0
-1413	125601.0	124327.0
-1412	125608.0	124263.0
-1411	125224.0	124264.0
-1410	125847.0	124564.0
-1409	125437.0	124034.0
-1408	125733.0	124293.0
-1407	125593.0	124580.0
-1406	125748.0	124296.0
-1405	125618.0	124323.0
-1404	125486.0	124329.0
-1403	125589.0	124508.0
-1402	125371.0	123884.0
-1401	125498.0	124220.0
-1400	125442.0	124270.0
-1399	125701.0	124306.0
-1398	125796.0	123993.0
-1397	125761.0	124024.0
-1396	125844.0	124270.0
-1395	125607.0	124374.0
-1394	125623.0	124147.0
-1393	125676.0	124256.0
-1392	125662.0	124335.0
-1391	125467.0	124128.0
-1390	125380.0	124360.0
-1389	125591.0	124337.0
-1388	125691.0	124105.0
-1387	125313.0	124146.0
-1386	125590.0	123949.0
-1385	125336.0	124207.0
-1384	125615.0	124381.0
-1383	125391.0	124234.0
-1382	125704.0	124465.0
-1381	125629.0	124123.0
-1380	125598.0	124315.0
-1379	125609.0	124177.0
-1378	125551.0	124110.0
-1377	125637.0	124325.0
-1376	125725.0	124347.0
-1375	125871.0	124097.0
-1374	125623.0	124178.0
-1373	125691.0	124234.0
-1372	125372.0	124371.0
-1371	125650.0	124323.0
-1370	125522.0	124403.0
-1369	125495.0	124123.0
-1368	125552.0	124195.0
-1367	125452.0	124203.0
-1366	125764.0	124630.0
-1365	125653.0	124342.0
-1364	125544.0	124251.0
-1363	125491.0	124577.0
-1362	125745.0	124516.0
-1361	126009.0	124369.0
-1360	125930.0	124493.0
-1359	125517.0	124685.0
-1358	125584.0	124518.0
-1357	125456.0	124323.0
-1356	125437.0	124261.0
-1355	125477.0	124285.0
-1354	125785.0	124313.0
-1353	125727.0	124311.0
-1352	125403.0	124410.0
-1351	125694.0	124387.0
-1350	125420.0	124322.0
-1349	125688.0	124598.0
-1348	125832.0	124685.0
-1347	125563.0	124427.0
-1346	125894.0	124500.0
-1345	125429.0	124484.0
-1344	125596.0	124521.0
-1343	125824.0	124776.0
-1342	125229.0	124500.0
-1341	125644.0	124360.0
-1340	125680.0	124284.0
-1339	125396.0	124623.0
-1338	125109.0	124712.0
-1337	125282.0	124739.0
-1336	125263.0	124623.0
-1335	125293.0	124376.0
-1334	125287.0	124046.0
-1333	125567.0	124906.0
-1332	125488.0	124556.0
-1331	125345.0	124531.0
-1330	125359.0	124665.0
-1329	125389.0	124695.0
-1328	125391.0	124434.0
-1327	125535.0	124667.0
-1326	125500.0	124797.0
-1325	125307.0	124883.0
-1324	125263.0	124415.0
-1323	125380.0	124673.0
-1322	125543.0	124650.0
-1321	125123.0	124760.0
-1320	125067.0	124780.0
-1319	125219.0	124458.0
-1318	125538.0	124475.0
-1317	125381.0	124964.0
-1316	125168.0	124940.0
-1315	125540.0	124751.0
-1314	125404.0	124349.0
-1313	125486.0	124483.0
-1312	125373.0	124683.0
-1311	125622.0	124657.0
-1310	125619.0	124504.0
-1309	125721.0	124664.0
-1308	125603.0	124619.0
-1307	125808.0	124298.0
-1306	125787.0	124426.0
-1305	125629.0	124095.0
-1304	125356.0	124482.0
-1303	125476.0	124723.0
-1302	125674.0	124276.0
-1301	125703.0	124510.0
-1300	125508.0	124504.0
-1299	125450.0	124237.0
-1298	125717.0	124609.0
-1297	125455.0	124307.0
-1296	125710.0	124554.0
-1295	125568.0	124496.0
-1294	125469.0	124141.0
-1293	125346.0	124309.0
-1292	125420.0	124407.0
-1291	125483.0	124361.0
-1290	125439.0	124587.0
-1289	125228.0	124147.0
-1288	125204.0	124453.0
-1287	125413.0	124454.0
-1286	125405.0	124401.0
-1285	125253.0	124316.0
-1284	125281.0	124577.0
-1283	125552.0	124285.0
-1282	125486.0	124584.0
-1281	125596.0	124432.0
-1280	125079.0	124335.0
-1279	125184.0	124135.0
-1278	125104.0	124509.0
-1277	125168.0	124478.0
-1276	125471.0	124463.0
-1275	125249.0	124353.0
-1274	125250.0	124410.0
-1273	125217.0	124390.0
-1272	125453.0	124502.0
-1271	125430.0	124480.0
-1270	125538.0	124121.0
-1269	125483.0	124390.0
-1268	125388.0	124208.0
-1267	125404.0	124530.0
-1266	125157.0	124595.0
-1265	125612.0	124554.0
-1264	125304.0	124619.0
-1263	125374.0	124462.0
-1262	125578.0	124222.0
-1261	125223.0	124089.0
-1260	125106.0	124406.0
-1259	125164.0	124178.0
-1258	125266.0	124321.0
-1257	125205.0	124137.0
-1256	125112.0	124329.0
-1255	125252.0	124369.0
-1254	125282.0	124440.0
-1253	125467.0	124440.0
-1252	125672.0	124400.0
-1251	125666.0	124375.0
-1250	125336.0	124550.0
-1249	125253.0	124485.0
-1248	125394.0	124594.0
-1247	125411.0	124323.0
-1246	125214.0	124550.0
-1245	125576.0	124559.0
-1244	125357.0	124335.0
-1243	125404.0	124150.0
-1242	125512.0	124480.0
-1241	125442.0	124230.0
-1240	125447.0	124375.0
-1239	125750.0	124161.0
-1238	125793.0	124449.0
-1237	125402.0	124361.0
-1236	125314.0	124407.0
-1235	125477.0	124302.0
-1234	125343.0	124479.0
-1233	125644.0	124359.0
-1232	125386.0	124335.0
-1231	125672.0	124206.0
-1230	125470.0	124228.0
-1229	125414.0	124150.0
-1228	125589.0	124123.0
-1227	125687.0	123948.0
-1226	125378.0	124277.0
-1225	125590.0	124127.0
-1224	125199.0	124283.0
-1223	125735.0	124265.0
-1222	125577.0	124367.0
-1221	125843.0	124175.0
-1220	125709.0	124288.0
-1219	125727.0	124281.0
-1218	125398.0	124082.0
-1217	125643.0	124016.0
-1216	125567.0	124019.0
-1215	125429.0	123895.0
-1214	125624.0	123938.0
-1213	125454.0	124097.0
-1212	125548.0	124204.0
-1211	125379.0	124084.0
-1210	125697.0	124287.0
-1209	125970.0	123849.0
-1208	125604.0	124321.0
-1207	125687.0	124178.0
-1206	125703.0	124468.0
-1205	125683.0	123967.0
-1204	125512.0	124163.0
-1203	125763.0	124184.0
-1202	125690.0	124528.0
-1201	125687.0	124143.0
-1200	125608.0	124225.0
-1199	125640.0	123944.0
-1198	125529.0	124222.0
-1197	125746.0	124156.0
-1196	125621.0	123985.0
-1195	125365.0	124308.0
-1194	125626.0	124107.0
-1193	125639.0	124285.0
-1192	125437.0	124140.0
-1191	125699.0	124470.0
-1190	125402.0	124302.0
-1189	125302.0	124319.0
-1188	125668.0	124207.0
-1187	125745.0	124086.0
-1186	125340.0	124257.0
-1185	125132.0	124409.0
-1184	125212.0	123977.0
-1183	125475.0	124145.0
-1182	125574.0	124169.0
-1181	125626.0	124113.0
-1180	125446.0	124379.0
-1179	125554.0	123902.0
-1178	125360.0	123996.0
-1177	125406.0	124238.0
-1176	125703.0	124058.0
-1175	125387.0	124178.0
-1174	125229.0	124187.0
-1173	125309.0	123961.0
-1172	125765.0	124260.0
-1171	125551.0	124192.0
-1170	125404.0	123912.0
-1169	125722.0	124345.0
-1168	125528.0	124081.0
-1167	125746.0	124324.0
-1166	125703.0	124273.0
-1165	125642.0	123974.0
-1164	125350.0	124251.0
-1163	125440.0	124147.0
-1162	125571.0	124402.0
-1161	125589.0	124275.0
-1160	125539.0	124311.0
-1159	125558.0	124492.0
-1158	125357.0	124444.0
-1157	125512.0	124397.0
-1156	125714.0	124482.0
-1155	125716.0	124057.0
-1154	125675.0	124337.0
-1153	125794.0	124300.0
-1152	125782.0	124502.0
-1151	125402.0	124265.0
-1150	125578.0	124413.0
-1149	125493.0	124683.0
-1148	125723.0	124495.0
-1147	125506.0	124385.0
-1146	125454.0	124414.0
-1145	125510.0	124299.0
-1144	125669.0	124245.0
-1143	125891.0	124361.0
-1142	125781.0	124359.0
-1141	125715.0	124525.0
-1140	125739.0	124614.0
-1139	125384.0	124592.0
-1138	125720.0	124397.0
-1137	125553.0	124387.0
-1136	125611.0	124347.0
-1135	125572.0	124551.0
-1134	125489.0	124449.0
-1133	125788.0	124390.0
-1132	125821.0	124636.0
-1131	125914.0	124225.0
-1130	125651.0	124321.0
-1129	125489.0	124225.0
-1128	125486.0	124507.0
-1127	125402.0	124492.0
-1126	125691.0	124636.0
-1125	125417.0	124425.0
-1124	125389.0	124243.0
-1123	125223.0	124001.0
-1122	125613.0	124541.0
-1121	125768.0	124463.0
-1120	125149.0	124588.0
-1119	125507.0	124516.0
-1118	125441.0	124495.0
-1117	125674.0	124218.0
-1116	125528.0	124207.0
-1115	125492.0	124560.0
-1114	125407.0	124619.0
-1113	125549.0	124411.0
-1112	125198.0	124308.0
-1111	125569.0	124325.0
-1110	125805.0	124334.0
-1109	125371.0	124306.0
-1108	125286.0	124580.0
-1107	125419.0	124145.0
-1106	125292.0	124447.0
-1105	125197.0	124794.0
-1104	125515.0	124364.0
-1103	125431.0	124410.0
-1102	125538.0	124876.0
-1101	125362.0	124572.0
-1100	125239.0	124345.0
-1099	125084.0	124664.0
-1098	125246.0	124471.0
-1097	125308.0	124284.0
-1096	124873.0	124499.0
-1095	125027.0	124581.0
-1094	125446.0	124712.0
-1093	125142.0	124438.0
-1092	125392.0	124328.0
-1091	124984.0	124119.0
-1090	125027.0	124558.0
-1089	125024.0	124540.0
-1088	125235.0	124512.0
-1087	125120.0	124307.0
-1086	125241.0	124420.0
-1085	125060.0	124445.0
-1084	125312.0	124309.0
-1083	125155.0	124347.0
-1082	125447.0	124491.0
-1081	125316.0	124119.0
-1080	125401.0	124423.0
-1079	125273.0	124328.0
-1078	125112.0	124258.0
-1077	125285.0	124256.0
-1076	125288.0	124265.0
-1075	125177.0	124432.0
-1074	125456.0	124447.0
-1073	125078.0	124172.0
-1072	125130.0	124035.0
-1071	125435.0	123924.0
-1070	125364.0	124005.0
-1069	125289.0	124132.0
-1068	125353.0	124470.0
-1067	125449.0	124168.0
-1066	125252.0	124414.0
-1065	125364.0	124101.0
-1064	125347.0	124151.0
-1063	125334.0	124182.0
-1062	125200.0	124166.0
-1061	125318.0	124206.0
-1060	125284.0	124190.0
-1059	125240.0	124201.0
-1058	125123.0	123972.0
-1057	125428.0	124214.0
-1056	125460.0	124406.0
-1055	125690.0	124038.0
-1054	125090.0	124004.0
-1053	125220.0	124461.0
-1052	125282.0	124523.0
-1051	125321.0	124359.0
-1050	125600.0	124134.0
-1049	125422.0	124180.0
-1048	125190.0	124298.0
-1047	125189.0	124088.0
-1046	125284.0	123862.0
-1045	125373.0	124432.0
-1044	125377.0	124091.0
-1043	125299.0	123997.0
-1042	125437.0	123764.0
-1041	125266.0	124398.0
-1040	125524.0	124174.0
-1039	125417.0	124149.0
-1038	125171.0	124115.0
-1037	125234.0	124134.0
-1036	125308.0	123869.0
-1035	125065.0	124205.0
-1034	125296.0	123949.0
-1033	125305.0	124261.0
-1032	125172.0	124212.0
-1031	125298.0	124248.0
-1030	124926.0	124194.0
-1029	125113.0	124079.0
-1028	125154.0	124025.0
-1027	125217.0	124043.0
-1026	125109.0	124262.0
-1025	125231.0	124280.0
-1024	125189.0	124556.0
-1023	125187.0	124183.0
-1022	125255.0	124244.0
-1021	124940.0	124228.0
-1020	125157.0	124398.0
-1019	125247.0	124332.0
-1018	124711.0	124183.0
-1017	125288.0	124146.0
-1016	125239.0	124138.0
-1015	125525.0	124298.0
-1014	125059.0	124116.0
-1013	125048.0	124106.0
-1012	125078.0	124222.0
-1011	125210.0	124209.0
-1010	125349.0	124152.0
-1009	125343.0	124346.0
-1008	125280.0	124294.0
-1007	125254.0	124161.0
-1006	125307.0	124110.0
-1005	125159.0	124333.0
-1004	125082.0	124237.0
-1003	125123.0	124474.0
-1002	125269.0	124404.0
-1001	125429.0	124429.0
-1000	125506.0	124265.0
-999	125459.0	124366.0
-998	125339.0	124106.0
-997	125234.0	124215.0
-996	125239.0	124257.0
-995	125427.0	124293.0
-994	125280.0	124185.0
-993	125260.0	124514.0
-992	125093.0	124150.0
-991	125426.0	124356.0
-990	125218.0	124247.0
-989	125375.0	124120.0
-988	125430.0	124155.0
-987	125510.0	124207.0
-986	125527.0	124394.0
-985	125530.0	124206.0
-984	125242.0	124261.0
-983	125494.0	123947.0
-982	125487.0	124212.0
-981	125274.0	124034.0
-980	125369.0	124255.0
-979	125351.0	123893.0
-978	125357.0	124060.0
-977	125404.0	124044.0
-976	125716.0	123888.0
-975	125544.0	124158.0
-974	125690.0	123872.0
-973	125689.0	123836.0
-972	125750.0	123589.0
-971	125433.0	123799.0
-970	125330.0	124148.0
-969	125581.0	124077.0
-968	125448.0	124307.0
-967	125422.0	123912.0
-966	125156.0	123827.0
-965	125289.0	123865.0
-964	125266.0	123776.0
-963	125439.0	123937.0
-962	125310.0	123968.0
-961	125189.0	123844.0
-960	125454.0	123858.0
-959	125371.0	123998.0
-958	125373.0	124157.0
-957	125211.0	123956.0
-956	125279.0	124102.0
-955	125179.0	124127.0
-954	125330.0	124078.0
-953	125243.0	124135.0
-952	125249.0	123877.0
-951	125358.0	123753.0
-950	125136.0	124020.0
-949	125304.0	124097.0
-948	125506.0	124335.0
-947	125536.0	124246.0
-946	125214.0	124057.0
-945	125436.0	123952.0
-944	125206.0	124154.0
-943	125291.0	124350.0
-942	125153.0	124344.0
-941	125268.0	124248.0
-940	125247.0	123992.0
-939	125234.0	124080.0
-938	124926.0	123993.0
-937	125078.0	124118.0
-936	125295.0	124249.0
-935	125533.0	123889.0
-934	125317.0	124138.0
-933	125259.0	124287.0
-932	125403.0	124393.0
-931	125110.0	124418.0
-930	125110.0	123989.0
-929	125529.0	124235.0
-928	125235.0	124538.0
-927	125377.0	124554.0
-926	125485.0	124261.0
-925	125128.0	124308.0
-924	125392.0	124446.0
-923	125386.0	124148.0
-922	125415.0	124416.0
-921	125391.0	124315.0
-920	125475.0	124227.0
-919	125383.0	124384.0
-918	125365.0	124112.0
-917	125544.0	124399.0
-916	125495.0	124356.0
-915	125423.0	124418.0
-914	125369.0	124132.0
-913	125268.0	124419.0
-912	125268.0	124226.0
-911	125612.0	124222.0
-910	125187.0	124271.0
-909	125979.0	124022.0
-908	125531.0	124287.0
-907	125193.0	124221.0
-906	125796.0	124379.0
-905	125423.0	124381.0
-904	125413.0	124325.0
-903	125285.0	124121.0
-902	125309.0	124719.0
-901	125465.0	124201.0
-900	125573.0	124211.0
-899	125284.0	123981.0
-898	125280.0	124014.0
-897	125058.0	123935.0
-896	125460.0	124161.0
-895	125144.0	123993.0
-894	125149.0	124137.0
-893	125170.0	124035.0
-892	125031.0	124320.0
-891	125215.0	124194.0
-890	125152.0	124031.0
-889	125123.0	123984.0
-888	125128.0	124210.0
-887	125180.0	124213.0
-886	125324.0	124302.0
-885	125073.0	124056.0
-884	125410.0	124153.0
-883	125447.0	124057.0
-882	125307.0	124156.0
-881	125334.0	124048.0
-880	125520.0	124105.0
-879	125178.0	124162.0
-878	125377.0	123983.0
-877	125310.0	124098.0
-876	125291.0	123970.0
-875	125559.0	124039.0
-874	125237.0	124290.0
-873	125341.0	124347.0
-872	125119.0	124164.0
-871	125488.0	123966.0
-870	125349.0	124246.0
-869	125448.0	124081.0
-868	125204.0	124091.0
-867	125107.0	124114.0
-866	125069.0	124082.0
-865	125442.0	123995.0
-864	125553.0	124124.0
-863	125580.0	124397.0
-862	125251.0	124009.0
-861	125197.0	124251.0
-860	125468.0	124416.0
-859	125093.0	124328.0
-858	125341.0	124183.0
-857	125309.0	124221.0
-856	125456.0	124397.0
-855	125467.0	124268.0
-854	125454.0	124149.0
-853	125431.0	124025.0
-852	125053.0	124112.0
-851	125343.0	124395.0
-850	125403.0	124148.0
-849	125587.0	124017.0
-848	125155.0	124305.0
-847	125077.0	124150.0
-846	125272.0	124095.0
-845	125052.0	124221.0
-844	125235.0	124340.0
-843	125188.0	124302.0
-842	125284.0	123903.0
-841	124972.0	124247.0
-840	125326.0	124462.0
-839	125091.0	124234.0
-838	125448.0	124315.0
-837	125175.0	124004.0
-836	125475.0	124143.0
-835	125406.0	123996.0
-834	125293.0	124131.0
-833	125269.0	124575.0
-832	125116.0	124163.0
-831	125213.0	123981.0
-830	125039.0	124107.0
-829	125231.0	124125.0
-828	125219.0	124035.0
-827	125337.0	124246.0
-826	125161.0	123866.0
-825	124914.0	124248.0
-824	125230.0	124153.0
-823	125397.0	124268.0
-822	125185.0	124199.0
-821	125104.0	123943.0
-820	124929.0	124131.0
-819	125198.0	123879.0
-818	124877.0	124351.0
-817	125307.0	124046.0
-816	125286.0	123789.0
-815	125002.0	124056.0
-814	125082.0	124291.0
-813	125238.0	124311.0
-812	125476.0	124185.0
-811	125158.0	124257.0
-810	124986.0	124123.0
-809	125242.0	123809.0
-808	125103.0	124147.0
-807	125038.0	124112.0
-806	124845.0	124064.0
-805	124990.0	124291.0
-804	125238.0	123967.0
-803	125237.0	124501.0
-802	125208.0	124308.0
-801	125481.0	124070.0
-800	125300.0	124090.0
-799	125445.0	124094.0
-798	125545.0	124076.0
-797	125328.0	123881.0
-796	125418.0	123896.0
-795	125233.0	124122.0
-794	125230.0	124158.0
-793	125107.0	124197.0
-792	125158.0	124201.0
-791	125333.0	123789.0
-790	125374.0	124134.0
-789	125312.0	124255.0
-788	125437.0	123957.0
-787	125551.0	123980.0
-786	125532.0	124150.0
-785	125349.0	124206.0
-784	125009.0	124139.0
-783	125202.0	124087.0
-782	125270.0	124252.0
-781	125533.0	124176.0
-780	125181.0	123746.0
-779	125405.0	123987.0
-778	125111.0	124031.0
-777	125222.0	123964.0
-776	125152.0	123986.0
-775	125452.0	123688.0
-774	125680.0	123700.0
-773	125331.0	124196.0
-772	125338.0	123943.0
-771	125541.0	124103.0
-770	125359.0	123437.0
-769	125422.0	124017.0
-768	125467.0	123974.0
-767	125337.0	123757.0
-766	125165.0	123768.0
-765	125374.0	123767.0
-764	125546.0	123915.0
-763	125496.0	123925.0
-762	125719.0	124013.0
-761	125669.0	123818.0
-760	125432.0	123843.0
-759	125644.0	123679.0
-758	125655.0	123890.0
-757	125536.0	124121.0
-756	125420.0	124063.0
-755	125619.0	123256.0
-754	125567.0	123851.0
-753	125638.0	123755.0
-752	125237.0	124021.0
-751	125368.0	123544.0
-750	125535.0	123969.0
-749	125529.0	123829.0
-748	125494.0	123857.0
-747	125061.0	123792.0
-746	125525.0	123746.0
-745	125305.0	123939.0
-744	125216.0	123928.0
-743	125462.0	124015.0
-742	125375.0	123884.0
-741	125168.0	123779.0
-740	125398.0	124108.0
-739	125586.0	124009.0
-738	125307.0	123818.0
-737	125282.0	123818.0
-736	125292.0	124046.0
-735	125429.0	124071.0
-734	125539.0	124257.0
-733	125555.0	124026.0
-732	125436.0	123875.0
-731	125620.0	123876.0
-730	125481.0	124123.0
-729	125246.0	123879.0
-728	125537.0	123985.0
-727	125450.0	124068.0
-726	125488.0	123966.0
-725	125634.0	123915.0
-724	125485.0	124080.0
-723	125498.0	124290.0
-722	125742.0	124160.0
-721	125538.0	124192.0
-720	125617.0	124310.0
-719	125473.0	124125.0
-718	125497.0	124097.0
-717	125574.0	124425.0
-716	125231.0	124359.0
-715	125553.0	124436.0
-714	125784.0	124406.0
-713	125590.0	124090.0
-712	125640.0	124377.0
-711	125661.0	124142.0
-710	125417.0	124232.0
-709	125748.0	124023.0
-708	125770.0	124232.0
-707	125663.0	124382.0
-706	125458.0	124399.0
-705	125489.0	124564.0
-704	125703.0	124253.0
-703	125663.0	124324.0
-702	125628.0	124243.0
-701	125362.0	124218.0
-700	125618.0	124141.0
-699	125510.0	124409.0
-698	125634.0	124480.0
-697	125821.0	124002.0
-696	125778.0	124268.0
-695	125553.0	124297.0
-694	125564.0	124182.0
-693	125537.0	124408.0
-692	125607.0	124464.0
-691	125469.0	124204.0
-690	125584.0	124382.0
-689	125214.0	124577.0
-688	125340.0	124459.0
-687	125732.0	124462.0
-686	125479.0	124449.0
-685	125334.0	124378.0
-684	125470.0	124413.0
-683	125574.0	124454.0
-682	125719.0	124457.0
-681	125805.0	124416.0
-680	125474.0	124281.0
-679	125107.0	124457.0
-678	125419.0	124259.0
-677	125549.0	124173.0
-676	125420.0	124143.0
-675	125394.0	124453.0
-674	125443.0	124279.0
-673	125731.0	124490.0
-672	125611.0	124608.0
-671	125726.0	124352.0
-670	125788.0	124272.0
-669	125895.0	124575.0
-668	125535.0	124176.0
-667	125790.0	123994.0
-666	125918.0	124164.0
-665	125811.0	124244.0
-664	125896.0	124447.0
-663	125744.0	124241.0
-662	125804.0	124428.0
-661	125620.0	124259.0
-660	125764.0	124164.0
-659	125996.0	123957.0
-658	125546.0	124377.0
-657	125850.0	124030.0
-656	125922.0	124233.0
-655	125910.0	124256.0
-654	125827.0	124128.0
-653	125799.0	123827.0
-652	125966.0	124292.0
-651	125834.0	124044.0
-650	125856.0	124156.0
-649	125536.0	124013.0
-648	125833.0	123864.0
-647	125819.0	124001.0
-646	125531.0	124459.0
-645	125643.0	124195.0
-644	125757.0	124173.0
-643	125474.0	124231.0
-642	125766.0	124293.0
-641	125816.0	123828.0
-640	125655.0	124065.0
-639	125884.0	124141.0
-638	125799.0	124093.0
-637	125759.0	124380.0
-636	125724.0	124257.0
-635	125660.0	123932.0
-634	125596.0	124269.0
-633	125486.0	123955.0
-632	125646.0	123998.0
-631	125653.0	124185.0
-630	125668.0	124173.0
-629	125564.0	124154.0
-628	125821.0	123877.0
-627	125504.0	124324.0
-626	125499.0	124244.0
-625	125604.0	124258.0
-624	125424.0	124058.0
-623	125642.0	123937.0
-622	125561.0	123877.0
-621	125686.0	123855.0
-620	125545.0	124110.0
-619	125496.0	123964.0
-618	125476.0	123910.0
-617	125673.0	123996.0
-616	125556.0	123933.0
-615	125697.0	124218.0
-614	125891.0	124221.0
-613	125680.0	124427.0
-612	125608.0	124329.0
-611	125794.0	124372.0
-610	125513.0	124020.0
-609	125628.0	124050.0
-608	125625.0	123902.0
-607	125810.0	124238.0
-606	125912.0	124112.0
-605	125412.0	124157.0
-604	125557.0	124061.0
-603	125518.0	123863.0
-602	125830.0	124029.0
-601	125583.0	123924.0
-600	125539.0	124079.0
-599	125650.0	124060.0
-598	125712.0	124223.0
-597	125808.0	124045.0
-596	125746.0	124265.0
-595	125838.0	124134.0
-594	125594.0	124277.0
-593	125722.0	124275.0
-592	125852.0	124288.0
-591	125827.0	124272.0
-590	125956.0	124147.0
-589	125700.0	124074.0
-588	125843.0	124218.0
-587	125714.0	124079.0
-586	125575.0	124361.0
-585	125832.0	124272.0
-584	125571.0	124293.0
-583	125700.0	124362.0
-582	126049.0	124468.0
-581	125861.0	124344.0
-580	125916.0	124388.0
-579	125981.0	123785.0
-578	126078.0	124235.0
-577	125846.0	124337.0
-576	125854.0	124251.0
-575	125921.0	124380.0
-574	125906.0	124427.0
-573	125846.0	124200.0
-572	126010.0	124505.0
-571	125534.0	124161.0
-570	125695.0	124302.0
-569	125770.0	124192.0
-568	126236.0	124304.0
-567	125938.0	124253.0
-566	125601.0	124372.0
-565	125862.0	124546.0
-564	125577.0	124133.0
-563	125700.0	124206.0
-562	125734.0	124718.0
-561	125603.0	124334.0
-560	125980.0	124347.0
-559	126075.0	124521.0
-558	125713.0	124311.0
-557	125811.0	124388.0
-556	125556.0	124259.0
-555	125898.0	124394.0
-554	125632.0	124582.0
-553	125549.0	124502.0
-552	125731.0	124418.0
-551	125976.0	124337.0
-550	125921.0	124507.0
-549	125843.0	124665.0
-548	125886.0	124487.0
-547	125558.0	124438.0
-546	125578.0	124318.0
-545	125777.0	124382.0
-544	125848.0	124642.0
-543	125798.0	124180.0
-542	125892.0	124327.0
-541	125801.0	124411.0
-540	125637.0	124503.0
-539	125978.0	124494.0
-538	125825.0	124050.0
-537	125909.0	124230.0
-536	125720.0	124132.0
-535	125968.0	124469.0
-534	125955.0	124216.0
-533	125695.0	124339.0
-532	125876.0	124730.0
-531	125910.0	124525.0
-530	125720.0	124381.0
-529	126049.0	124682.0
-528	125631.0	124637.0
-527	126089.0	124574.0
-526	125726.0	124391.0
-525	125808.0	124953.0
-524	125943.0	124781.0
-523	125839.0	124466.0
-522	125716.0	124653.0
-521	125601.0	124557.0
-520	125838.0	124791.0
-519	125677.0	124880.0
-518	125654.0	124790.0
-517	125857.0	124716.0
-516	125883.0	124726.0
-515	125486.0	124639.0
-514	125815.0	124549.0
-513	125747.0	124651.0
-512	125939.0	124631.0
-511	125772.0	124972.0
-510	125912.0	124674.0
-509	125641.0	124716.0
-508	125407.0	124748.0
-507	125834.0	124563.0
-506	125550.0	124683.0
-505	125616.0	124736.0
-504	125767.0	124909.0
-503	125904.0	124774.0
-502	125950.0	124709.0
-501	125745.0	124575.0
-500	125565.0	124536.0
-499	125691.0	124397.0
-498	125492.0	124239.0
-497	125276.0	124426.0
-496	125545.0	124598.0
-495	125461.0	124453.0
-494	125690.0	124383.0
-493	125890.0	124524.0
-492	125814.0	124495.0
-491	125608.0	124676.0
-490	125635.0	124755.0
-489	125828.0	124467.0
-488	125635.0	124286.0
-487	125491.0	124450.0
-486	125685.0	124611.0
-485	125523.0	124352.0
-484	125535.0	124711.0
-483	125592.0	124075.0
-482	125706.0	124414.0
-481	125929.0	124217.0
-480	125570.0	124278.0
-479	125616.0	123980.0
-478	125650.0	124112.0
-477	125714.0	124171.0
-476	125800.0	124251.0
-475	126048.0	124489.0
-474	125952.0	123824.0
-473	125664.0	123993.0
-472	125654.0	123993.0
-471	125780.0	123936.0
-470	125689.0	124010.0
-469	125994.0	123943.0
-468	125980.0	123792.0
-467	125852.0	124058.0
-466	125775.0	124132.0
-465	126044.0	123807.0
-464	126104.0	124097.0
-463	126116.0	124195.0
-462	126312.0	123880.0
-461	126108.0	124069.0
-460	126198.0	123982.0
-459	126146.0	124028.0
-458	126039.0	124169.0
-457	125975.0	123846.0
-456	125916.0	124159.0
-455	125949.0	124110.0
-454	125929.0	124045.0
-453	125804.0	123845.0
-452	125819.0	123859.0
-451	125875.0	123845.0
-450	126009.0	123845.0
-449	125905.0	124053.0
-448	125642.0	123843.0
-447	125997.0	123874.0
-446	125990.0	124081.0
-445	125668.0	123987.0
-444	126099.0	124218.0
-443	126049.0	123947.0
-442	125997.0	124369.0
-441	126032.0	124405.0
-440	126016.0	124437.0
-439	126143.0	124141.0
-438	126064.0	124284.0
-437	126093.0	124297.0
-436	126135.0	123884.0
-435	126124.0	124013.0
-434	125888.0	124133.0
-433	125746.0	124011.0
-432	125924.0	123942.0
-431	125780.0	124285.0
-430	125973.0	123957.0
-429	125937.0	124318.0
-428	126207.0	124163.0
-427	125974.0	124069.0
-426	125942.0	124141.0
-425	126059.0	124177.0
-424	125839.0	123961.0
-423	125852.0	124112.0
-422	125755.0	124009.0
-421	125994.0	124029.0
-420	125834.0	124058.0
-419	125881.0	124060.0
-418	125957.0	124293.0
-417	125848.0	124203.0
-416	125795.0	124330.0
-415	125928.0	124051.0
-414	125944.0	124311.0
-413	125954.0	124420.0
-412	126017.0	124357.0
-411	125875.0	124327.0
-410	125969.0	124281.0
-409	125974.0	124158.0
-408	125814.0	124641.0
-407	126135.0	124564.0
-406	126287.0	124466.0
-405	125914.0	124653.0
-404	125910.0	124284.0
-403	125860.0	124596.0
-402	126299.0	124604.0
-401	125975.0	124584.0
-400	126039.0	124692.0
-399	126293.0	124832.0
-398	126251.0	124896.0
-397	126007.0	124564.0
-396	125993.0	124959.0
-395	126121.0	124550.0
-394	125964.0	124584.0
-393	125923.0	124790.0
-392	125724.0	124723.0
-391	125916.0	124822.0
-390	125659.0	124649.0
-389	125814.0	124884.0
-388	125927.0	125183.0
-387	125885.0	124800.0
-386	125805.0	125067.0
-385	125736.0	125275.0
-384	126065.0	125155.0
-383	126072.0	124883.0
-382	125976.0	124896.0
-381	126002.0	124823.0
-380	126068.0	125055.0
-379	126219.0	124921.0
-378	126086.0	125095.0
-377	125902.0	124911.0
-376	125997.0	124861.0
-375	125954.0	125103.0
-374	125850.0	125008.0
-373	126116.0	125043.0
-372	126039.0	124925.0
-371	125964.0	125031.0
-370	125740.0	124967.0
-369	125917.0	125067.0
-368	125961.0	125177.0
-367	125907.0	125270.0
-366	126285.0	124830.0
-365	126226.0	125130.0
-364	126036.0	125245.0
-363	126142.0	125361.0
-362	126246.0	125078.0
-361	126039.0	125153.0
-360	126295.0	125217.0
-359	125905.0	124902.0
-358	125665.0	125279.0
-357	126070.0	124940.0
-356	126063.0	125162.0
-355	126041.0	125253.0
-354	126119.0	125549.0
-353	126060.0	125133.0
-352	125896.0	125245.0
-351	125858.0	125385.0
-350	126077.0	125153.0
-349	125859.0	124970.0
-348	125975.0	125013.0
-347	126114.0	125072.0
-346	125668.0	125201.0
-345	125999.0	125113.0
-344	126145.0	125006.0
-343	126149.0	125474.0
-342	125888.0	125058.0
-341	125880.0	125313.0
-340	126128.0	125078.0
-339	126048.0	124955.0
-338	126273.0	125066.0
-337	125916.0	125174.0
-336	126058.0	125172.0
-335	125983.0	124703.0
-334	126062.0	124997.0
-333	126137.0	124718.0
-332	126099.0	124673.0
-331	126228.0	124730.0
-330	126236.0	124962.0
-329	126137.0	124927.0
-328	126075.0	125064.0
-327	126107.0	124771.0
-326	126130.0	124782.0
-325	126261.0	124895.0
-324	126259.0	124761.0
-323	126264.0	124705.0
-322	126090.0	125327.0
-321	126588.0	124825.0
-320	126211.0	124556.0
-319	126061.0	124752.0
-318	126236.0	124668.0
-317	126290.0	124430.0
-316	126247.0	124811.0
-315	126249.0	124344.0
-314	126381.0	124550.0
-313	126133.0	124351.0
-312	126154.0	124590.0
-311	125974.0	124515.0
-310	126335.0	124483.0
-309	125944.0	124709.0
-308	126070.0	124444.0
-307	125945.0	124436.0
-306	126142.0	124630.0
-305	126056.0	124718.0
-304	126250.0	124309.0
-303	126288.0	124471.0
-302	125963.0	124035.0
-301	126224.0	124339.0
-300	125921.0	124248.0
-299	126013.0	124242.0
-298	126203.0	124362.0
-297	126165.0	124293.0
-296	126235.0	124224.0
-295	126338.0	124220.0
-294	125962.0	124647.0
-293	125913.0	124552.0
-292	125872.0	124039.0
-291	126143.0	124249.0
-290	126106.0	124231.0
-289	126152.0	124381.0
-288	126187.0	124308.0
-287	126257.0	124285.0
-286	125945.0	124353.0
-285	126154.0	124501.0
-284	126257.0	124582.0
-283	126225.0	124567.0
-282	126428.0	124619.0
-281	126473.0	124205.0
-280	126134.0	124134.0
-279	125573.0	124361.0
-278	126179.0	124597.0
-277	126296.0	124443.0
-276	126169.0	124455.0
-275	126211.0	124417.0
-274	126098.0	124326.0
-273	126128.0	124680.0
-272	126024.0	124332.0
-271	126373.0	124500.0
-270	126304.0	124474.0
-269	126581.0	124691.0
-268	126288.0	124421.0
-267	126331.0	124516.0
-266	126244.0	124390.0
-265	126308.0	124594.0
-264	126416.0	124611.0
-263	126345.0	124373.0
-262	126406.0	124528.0
-261	126577.0	124440.0
-260	126170.0	124344.0
-259	126366.0	124641.0
-258	126261.0	124263.0
-257	126381.0	124487.0
-256	126610.0	124549.0
-255	126645.0	124358.0
-254	126395.0	124533.0
-253	126824.0	124887.0
-252	126605.0	124579.0
-251	126825.0	124517.0
-250	126597.0	124255.0
-249	126818.0	124478.0
-248	126677.0	124333.0
-247	126514.0	124579.0
-246	126676.0	124454.0
-245	126401.0	124217.0
-244	126571.0	124372.0
-243	126655.0	124551.0
-242	127069.0	124280.0
-241	126460.0	124351.0
-240	126759.0	124436.0
-239	126629.0	124549.0
-238	126908.0	124495.0
-237	126889.0	124429.0
-236	126599.0	124561.0
-235	126851.0	124508.0
-234	126571.0	124654.0
-233	126780.0	124684.0
-232	126588.0	124651.0
-231	126752.0	124714.0
-230	126692.0	124728.0
-229	126614.0	124964.0
-228	126800.0	124795.0
-227	126851.0	124669.0
-226	126722.0	125025.0
-225	126768.0	124886.0
-224	126650.0	124664.0
-223	126860.0	124586.0
-222	126958.0	124720.0
-221	126809.0	124855.0
-220	126700.0	124942.0
-219	126810.0	124873.0
-218	126875.0	125039.0
-217	127019.0	125203.0
-216	126872.0	124883.0
-215	127186.0	125239.0
-214	127174.0	125010.0
-213	126982.0	124756.0
-212	127165.0	124966.0
-211	127080.0	125123.0
-210	127102.0	125010.0
-209	127248.0	125185.0
-208	127033.0	124911.0
-207	127325.0	124975.0
-206	126821.0	125415.0
-205	127015.0	125190.0
-204	127210.0	125329.0
-203	127229.0	125232.0
-202	127265.0	125303.0
-201	127073.0	125227.0
-200	127389.0	125388.0
-199	127222.0	125617.0
-198	127250.0	125623.0
-197	127436.0	125544.0
-196	127405.0	125690.0
-195	127505.0	125428.0
-194	127500.0	125549.0
-193	127121.0	125719.0
-192	127287.0	125548.0
-191	127103.0	125665.0
-190	127322.0	125566.0
-189	127305.0	125436.0
-188	127169.0	125828.0
-187	127364.0	125711.0
-186	127330.0	125881.0
-185	127320.0	125892.0
-184	127558.0	125815.0
-183	127634.0	125904.0
-182	127354.0	125714.0
-181	127403.0	125892.0
-180	127689.0	125993.0
-179	127696.0	125521.0
-178	127523.0	125541.0
-177	127723.0	125852.0
-176	127596.0	125915.0
-175	127694.0	125833.0
-174	127440.0	125855.0
-173	127522.0	125847.0
-172	127566.0	126005.0
-171	127444.0	125914.0
-170	127618.0	125690.0
-169	127534.0	125962.0
-168	127732.0	125840.0
-167	127630.0	125783.0
-166	127341.0	125645.0
-165	127586.0	125775.0
-164	127358.0	125700.0
-163	127637.0	125724.0
-162	127289.0	125712.0
-161	127689.0	125813.0
-160	127466.0	125573.0
-159	127675.0	125298.0
-158	127313.0	125456.0
-157	127469.0	125700.0
-156	127441.0	125477.0
-155	127596.0	125670.0
-154	127433.0	125486.0
-153	127281.0	125663.0
-152	127548.0	125576.0
-151	127559.0	125701.0
-150	127434.0	125783.0
-149	127716.0	125399.0
-148	127336.0	125473.0
-147	127390.0	125370.0
-146	127606.0	125710.0
-145	127918.0	125411.0
-144	127839.0	125379.0
-143	127344.0	125466.0
-142	127489.0	125193.0
-141	127327.0	125080.0
-140	127617.0	125424.0
-139	127557.0	125356.0
-138	127705.0	125284.0
-137	127832.0	125316.0
-136	127732.0	125586.0
-135	127690.0	125231.0
-134	127511.0	125330.0
-133	127822.0	125273.0
-132	127649.0	125224.0
-131	127531.0	125509.0
-130	127656.0	125326.0
-129	127856.0	125275.0
-128	127602.0	125030.0
-127	127875.0	125343.0
-126	127746.0	125396.0
-125	127552.0	125039.0
-124	127423.0	125384.0
-123	127809.0	125247.0
-122	128060.0	124982.0
-121	127696.0	125205.0
-120	127785.0	125033.0
-119	128115.0	125185.0
-118	127998.0	125286.0
-117	127820.0	125381.0
-116	127736.0	125236.0
-115	128119.0	125160.0
-114	127863.0	125140.0
-113	128048.0	125124.0
-112	128034.0	125152.0
-111	128003.0	125208.0
-110	128636.0	125243.0
-109	128139.0	125257.0
-108	128188.0	125193.0
-107	128203.0	125373.0
-106	128100.0	125416.0
-105	128548.0	125326.0
-104	128467.0	125327.0
-103	128216.0	125398.0
-102	128435.0	125620.0
-101	128390.0	125347.0
-100	128557.0	125365.0
-99	128768.0	125692.0
-98	128870.0	125310.0
-97	128637.0	125808.0
-96	128818.0	125449.0
-95	128760.0	125422.0
-94	128572.0	125368.0
-93	128813.0	125555.0
-92	129047.0	125351.0
-91	128734.0	125518.0
-90	129059.0	125550.0
-89	128953.0	125398.0
-88	129269.0	125402.0
-87	129074.0	125579.0
-86	129040.0	125439.0
-85	129019.0	125389.0
-84	129475.0	125602.0
-83	129154.0	125821.0
-82	129218.0	125889.0
-81	129528.0	125645.0
-80	129121.0	125788.0
-79	129479.0	125704.0
-78	129242.0	125821.0
-77	129167.0	125700.0
-76	129483.0	125758.0
-75	129747.0	125944.0
-74	129609.0	126037.0
-73	129730.0	125948.0
-72	129829.0	125898.0
-71	129727.0	125682.0
-70	129939.0	125964.0
-69	129933.0	126066.0
-68	129800.0	126035.0
-67	129983.0	126177.0
-66	129860.0	125973.0
-65	129894.0	126031.0
-64	129865.0	126187.0
-63	129916.0	126114.0
-62	129921.0	126390.0
-61	129821.0	126278.0
-60	129800.0	126071.0
-59	129803.0	126157.0
-58	129729.0	126097.0
-57	129650.0	126420.0
-56	129446.0	126188.0
-55	129794.0	126146.0
-54	130045.0	126451.0
-53	129648.0	126303.0
-52	129979.0	126337.0
-51	130240.0	126390.0
-50	130149.0	126753.0
-49	130004.0	126537.0
-48	129865.0	126573.0
-47	129965.0	126530.0
-46	130065.0	126394.0
-45	130387.0	126666.0
-44	130535.0	126491.0
-43	130584.0	126576.0
-42	130759.0	126539.0
-41	130619.0	126691.0
-40	130917.0	126801.0
-39	131190.0	126757.0
-38	131573.0	126737.0
-37	131683.0	127183.0
-36	131724.0	127087.0
-35	131875.0	126962.0
-34	131942.0	127150.0
-33	132635.0	127119.0
-32	132684.0	126888.0
-31	132811.0	127440.0
-30	133272.0	127283.0
-29	133139.0	127366.0
-28	133218.0	127088.0
-27	133365.0	127682.0
-26	133438.0	127223.0
-25	133634.0	127575.0
-24	133770.0	127567.0
-23	134183.0	127722.0
-22	134208.0	127589.0
-21	134979.0	127755.0
-20	134839.0	127833.0
-19	135133.0	128227.0
-18	135510.0	128621.0
-17	135750.0	128283.0
-16	135819.0	128645.0
-15	136297.0	128829.0
-14	136749.0	128872.0
-13	137031.0	129582.0
-12	137203.0	129213.0
-11	137685.0	129473.0
-10	137969.0	129781.0
-9	138311.0	129821.0
-8	138289.0	130025.0
-7	138843.0	130753.0
-6	138735.0	131615.0
-5	139489.0	131593.0
-4	140300.0	131794.0
-3	141590.0	135600.0
-2	147259.0	138816.0
-1	156822.0	149429.0
0	45579.0	135299.0
1	153803.0	126961.0
2	144309.0	124048.0
3	139287.0	124120.0
4	137995.0	124644.0
5	137114.0	125327.0
6	136352.0	126193.0
7	135907.0	126865.0
8	136003.0	127492.0
9	135950.0	127194.0
10	135466.0	127258.0
11	135237.0	127407.0
12	135060.0	127429.0
13	134672.0	127495.0
14	134558.0	127667.0
15	134123.0	127323.0
16	133872.0	127496.0
17	133596.0	128097.0
18	133246.0	128284.0
19	133370.0	128609.0
20	133136.0	128561.0
21	132539.0	128684.0
22	132279.0	128948.0
23	131941.0	129126.0
24	132065.0	129104.0
25	131372.0	129671.0
26	131559.0	129704.0
27	131681.0	130076.0
28	131330.0	130305.0
29	130968.0	130703.0
30	131156.0	130679.0
31	130608.0	131161.0
32	130487.0	131506.0
33	130474.0	131458.0
34	130213.0	131737.0
35	129522.0	131967.0
36	129735.0	132684.0
37	129753.0	133149.0
38	129579.0	133354.0
39	129179.0	134075.0
40	128937.0	134143.0
41	128740.0	134992.0
42	128840.0	135286.0
43	128588.0	135802.0
44	128446.0	136087.0
45	128347.0	136615.0
46	128156.0	136803.0
47	128393.0	137621.0
48	128107.0	138068.0
49	127973.0	138937.0
50	128161.0	139295.0
51	127546.0	139624.0
52	127800.0	140581.0
53	128027.0	141049.0
54	127855.0	141491.0
55	128020.0	142199.0
56	128053.0	142717.0
57	127848.0	142587.0
58	127626.0	143395.0
59	127756.0	144315.0
60	127848.0	144408.0
61	127631.0	144798.0
62	127874.0	144668.0
63	127735.0	144928.0
64	127713.0	144770.0
65	127738.0	145050.0
66	127625.0	145107.0
67	127708.0	145484.0
68	127980.0	145629.0
69	127669.0	145442.0
70	127928.0	145196.0
71	127716.0	144975.0
72	127502.0	144865.0
73	127381.0	144200.0
74	127280.0	144158.0
75	127707.0	143807.0
76	127024.0	143224.0
77	127396.0	143095.0
78	127146.0	142739.0
79	127266.0	142354.0
80	127084.0	142003.0
81	127023.0	141160.0
82	126998.0	140942.0
83	127023.0	140647.0
84	126888.0	140220.0
85	126919.0	139197.0
86	126504.0	139438.0
87	126471.0	138923.0
88	126396.0	138953.0
89	126554.0	138256.0
90	127011.0	138393.0
91	126621.0	137566.0
92	126420.0	137671.0
93	126678.0	136945.0
94	126180.0	136753.0
95	126402.0	136453.0
96	126405.0	135945.0
97	126259.0	135768.0
98	126492.0	135539.0
99	126534.0	134880.0
100	126355.0	134629.0
101	126235.0	134515.0
102	125963.0	133845.0
103	126166.0	133654.0
104	125953.0	133316.0
105	125880.0	133091.0
106	125975.0	132767.0
107	125818.0	132605.0
108	126032.0	132372.0
109	126097.0	132325.0
110	125933.0	132186.0
111	126085.0	131671.0
112	125998.0	131624.0
113	125927.0	131609.0
114	125912.0	131326.0
115	125549.0	131404.0
116	125942.0	130961.0
117	125925.0	130818.0
118	125691.0	130928.0
119	125764.0	131093.0
120	125843.0	130656.0
121	125709.0	130484.0
122	125675.0	130528.0
123	125786.0	130283.0
124	125559.0	130254.0
125	125832.0	129876.0
126	125541.0	129991.0
127	125753.0	129922.0
128	125541.0	129879.0
129	125526.0	129776.0
130	125401.0	129889.0
131	125624.0	129257.0
132	125557.0	129819.0
133	125449.0	129486.0
134	125744.0	129506.0
135	126110.0	129384.0
136	125530.0	129257.0
137	125277.0	129257.0
138	125389.0	129164.0
139	125338.0	129234.0
140	125672.0	129326.0
141	125524.0	128918.0
142	125467.0	128834.0
143	125894.0	128889.0
144	125353.0	128907.0
145	125270.0	128392.0
146	125448.0	128979.0
147	125609.0	128673.0
148	125428.0	129153.0
149	125336.0	128961.0
150	125489.0	128865.0
151	125374.0	128494.0
152	125288.0	128822.0
153	125296.0	128897.0
154	125486.0	128809.0
155	125276.0	129155.0
156	125360.0	129012.0
157	125414.0	128916.0
158	125033.0	128912.0
159	125580.0	128743.0
160	125654.0	128784.0
161	125521.0	128987.0
162	125824.0	129102.0
163	125380.0	128502.0
164	125391.0	129083.0
165	125529.0	128713.0
166	125352.0	128386.0
167	125498.0	128835.0
168	125701.0	128508.0
169	125497.0	128495.0
170	125674.0	128494.0
171	125457.0	128677.0
172	125756.0	128363.0
173	125573.0	128441.0
174	125431.0	128483.0
175	125930.0	128461.0
176	125514.0	128302.0
177	125284.0	128108.0
178	125770.0	127756.0
179	125563.0	127908.0
180	125447.0	128191.0
181	125483.0	127981.0
182	125277.0	127858.0
183	125438.0	127809.0
184	125351.0	128035.0
185	125153.0	127888.0
186	125371.0	127944.0
187	125249.0	128011.0
188	124985.0	127967.0
189	125609.0	127926.0
190	125355.0	127607.0
191	124947.0	127919.0
192	125482.0	127547.0
193	124977.0	127692.0
194	125083.0	127527.0
195	125319.0	127829.0
196	125019.0	127607.0
197	125350.0	127850.0
198	125306.0	127246.0
199	125193.0	127676.0
200	125225.0	127425.0
201	125039.0	127603.0
202	124773.0	127423.0
203	124782.0	127344.0
204	124919.0	127340.0
205	124543.0	127388.0
206	124953.0	127509.0
207	125023.0	127029.0
208	124835.0	126911.0
209	124858.0	127166.0
210	125034.0	127417.0
211	124686.0	127065.0
212	124811.0	127116.0
213	124952.0	127433.0
214	124838.0	127304.0
215	124822.0	127266.0
216	124891.0	127287.0
217	124856.0	126958.0
218	124636.0	126988.0
219	124955.0	127068.0
220	124763.0	127165.0
221	124864.0	127135.0
222	124782.0	127028.0
223	124795.0	127146.0
224	124903.0	127243.0
225	124920.0	127173.0
226	124732.0	127056.0
227	124697.0	126933.0
228	124588.0	127084.0
229	124381.0	126993.0
230	124463.0	126998.0
231	124868.0	127249.0
232	124528.0	127206.0
233	124407.0	127023.0
234	124439.0	126801.0
235	124523.0	127181.0
236	124773.0	127275.0
237	124461.0	127123.0
238	124758.0	127238.0
239	124414.0	127352.0
240	124518.0	127308.0
241	124592.0	127098.0
242	124681.0	127258.0
243	124358.0	127203.0
244	124583.0	127204.0
245	124558.0	127207.0
246	124544.0	127058.0
247	124483.0	127569.0
248	124550.0	127173.0
249	124168.0	127314.0
250	124272.0	127254.0
251	124295.0	126996.0
252	124611.0	127224.0
253	124572.0	127443.0
254	124626.0	127380.0
255	124555.0	127156.0
256	124461.0	127201.0
257	124081.0	127318.0
258	124607.0	127103.0
259	124041.0	127069.0
260	124219.0	127120.0
261	124270.0	126949.0
262	124427.0	126935.0
263	124419.0	127365.0
264	123978.0	127196.0
265	124047.0	127010.0
266	124444.0	126925.0
267	124176.0	126900.0
268	124311.0	126779.0
269	124269.0	127193.0
270	124102.0	126821.0
271	124130.0	126761.0
272	124185.0	127116.0
273	123914.0	126740.0
274	124071.0	126692.0
275	124234.0	127158.0
276	124105.0	126632.0
277	124247.0	126538.0
278	124445.0	126733.0
279	124188.0	126614.0
280	124071.0	126685.0
281	123646.0	126513.0
282	123959.0	126839.0
283	124138.0	126614.0
284	124166.0	126533.0
285	124309.0	126372.0
286	124063.0	126303.0
287	124200.0	126259.0
288	124021.0	126434.0
289	124035.0	126096.0
290	123631.0	126296.0
291	123862.0	126391.0
292	123726.0	126423.0
293	123885.0	126541.0
294	123819.0	126014.0
295	124024.0	126307.0
296	123791.0	126488.0
297	124030.0	126087.0
298	123957.0	125960.0
299	123596.0	126046.0
300	123836.0	126267.0
301	123740.0	126163.0
302	123825.0	126133.0
303	124032.0	126086.0
304	123941.0	125594.0
305	123470.0	125994.0
306	123843.0	126190.0
307	124124.0	125992.0
308	124283.0	126270.0
309	123787.0	125869.0
310	123816.0	125759.0
311	123993.0	125972.0
312	123815.0	125771.0
313	123956.0	125932.0
314	123736.0	125759.0
315	124306.0	125749.0
316	124231.0	125842.0
317	124090.0	125894.0
318	124185.0	125811.0
319	124120.0	125666.0
320	123772.0	125758.0
321	124256.0	125584.0
322	123968.0	125804.0
323	124029.0	125927.0
324	124020.0	125752.0
325	124295.0	125643.0
326	124161.0	125301.0
327	123871.0	125488.0
328	123915.0	125666.0
329	124118.0	125564.0
330	124211.0	125711.0
331	123775.0	125754.0
332	124049.0	125655.0
333	124090.0	125571.0
334	124226.0	125871.0
335	124198.0	125568.0
336	124230.0	125370.0
337	124229.0	125636.0
338	124059.0	125346.0
339	124032.0	125582.0
340	123736.0	125663.0
341	123832.0	125476.0
342	124058.0	125615.0
343	123794.0	125645.0
344	123992.0	125389.0
345	123974.0	125544.0
346	124164.0	125462.0
347	124039.0	125886.0
348	123902.0	125721.0
349	123896.0	125384.0
350	123971.0	125477.0
351	124264.0	125320.0
352	123976.0	125375.0
353	123852.0	125453.0
354	123999.0	125221.0
355	124117.0	125318.0
356	123811.0	125372.0
357	123771.0	125526.0
358	123962.0	125347.0
359	123931.0	125467.0
360	123905.0	125369.0
361	123703.0	125133.0
362	123864.0	125285.0
363	123523.0	125282.0
364	123813.0	125260.0
365	123435.0	125150.0
366	123429.0	124970.0
367	123897.0	125221.0
368	123784.0	125512.0
369	123869.0	125286.0
370	123611.0	125344.0
371	123833.0	125548.0
372	123896.0	125050.0
373	123654.0	125204.0
374	124049.0	125283.0
375	123868.0	125255.0
376	123875.0	125273.0
377	123860.0	125367.0
378	124078.0	125368.0
379	124007.0	125413.0
380	124030.0	125274.0
381	123930.0	125043.0
382	123834.0	125348.0
383	124081.0	125550.0
384	123792.0	125343.0
385	123698.0	125171.0
386	123855.0	125304.0
387	123974.0	125242.0
388	123753.0	125067.0
389	123805.0	125222.0
390	123774.0	124987.0
391	123650.0	125309.0
392	123736.0	125246.0
393	123717.0	125116.0
394	123723.0	125100.0
395	123924.0	125383.0
396	123811.0	125117.0
397	123900.0	125492.0
398	124028.0	125277.0
399	124029.0	125182.0
400	123896.0	125328.0
401	123896.0	125227.0
402	123643.0	125329.0
403	123723.0	125153.0
404	123680.0	125088.0
405	123536.0	125284.0
406	124005.0	125412.0
407	123857.0	125424.0
408	123733.0	125490.0
409	123792.0	125374.0
410	123886.0	125379.0
411	123771.0	125320.0
412	123696.0	125097.0
413	123641.0	125353.0
414	123873.0	125011.0
415	123754.0	125567.0
416	123811.0	125430.0
417	123844.0	125477.0
418	123923.0	125463.0
419	123831.0	125448.0
420	123945.0	125126.0
421	123896.0	125312.0
422	123848.0	125503.0
423	123639.0	125652.0
424	123976.0	125594.0
425	123864.0	125537.0
426	124088.0	125363.0
427	123797.0	125336.0
428	124057.0	125437.0
429	124008.0	125433.0
430	123850.0	125284.0
431	123808.0	125398.0
432	123878.0	125445.0
433	124071.0	125426.0
434	124027.0	125353.0
435	123892.0	125352.0
436	123878.0	125384.0
437	123775.0	125407.0
438	124002.0	125395.0
439	124102.0	125552.0
440	124074.0	125453.0
441	123794.0	125324.0
442	124143.0	125283.0
443	124139.0	125623.0
444	123682.0	125372.0
445	123818.0	125341.0
446	123779.0	125206.0
447	124085.0	125410.0
448	124075.0	125610.0
449	123842.0	125222.0
450	123864.0	125015.0
451	123877.0	125227.0
452	123955.0	125132.0
453	124214.0	125041.0
454	123854.0	125040.0
455	123704.0	125121.0
456	123403.0	125197.0
457	123764.0	125168.0
458	123562.0	125264.0
459	123713.0	124856.0
460	124055.0	125072.0
461	123355.0	125122.0
462	123543.0	125097.0
463	123766.0	125122.0
464	123535.0	124885.0
465	123829.0	125068.0
466	123523.0	125138.0
467	123552.0	125030.0
468	123590.0	125135.0
469	123415.0	125452.0
470	123573.0	125145.0
471	123912.0	125037.0
472	123497.0	125070.0
473	123265.0	125021.0
474	123706.0	125005.0
475	123542.0	124717.0
476	123369.0	124960.0
477	123586.0	124981.0
478	123781.0	124923.0
479	123764.0	124705.0
480	123615.0	124946.0
481	123542.0	125081.0
482	123774.0	125144.0
483	123578.0	125032.0
484	123477.0	124905.0
485	123433.0	124615.0
486	123576.0	124797.0
487	123317.0	125203.0
488	123273.0	124577.0
489	123555.0	124705.0
490	123493.0	124838.0
491	123625.0	124996.0
492	123305.0	124910.0
493	123786.0	124919.0
494	123275.0	124717.0
495	123611.0	125015.0
496	123379.0	125068.0
497	123315.0	125060.0
498	123755.0	125073.0
499	123562.0	124860.0
500	123556.0	125042.0
501	123166.0	124976.0
502	123334.0	124854.0
503	123559.0	125105.0
504	123113.0	124996.0
505	123339.0	125211.0
506	123545.0	124807.0
507	123456.0	124614.0
508	123486.0	124924.0
509	123366.0	125276.0
510	123514.0	125026.0
511	123200.0	124856.0
512	122951.0	125126.0
513	123552.0	125112.0
514	123410.0	124802.0
515	123091.0	124980.0
516	123286.0	125148.0
517	123557.0	124978.0
518	123522.0	124877.0
519	123046.0	124881.0
520	123271.0	124723.0
521	123434.0	124721.0
522	123390.0	124973.0
523	123197.0	125115.0
524	123482.0	124881.0
525	123469.0	124955.0
526	123368.0	124816.0
527	123403.0	124762.0
528	123681.0	124787.0
529	123280.0	124948.0
530	123186.0	124900.0
531	123240.0	124809.0
532	122779.0	124889.0
533	123047.0	125011.0
534	123213.0	124909.0
535	122990.0	125024.0
536	123122.0	124883.0
537	123255.0	124838.0
538	123215.0	124706.0
539	123310.0	124892.0
540	123720.0	124748.0
541	123314.0	124820.0
542	123237.0	124769.0
543	123345.0	124659.0
544	123035.0	124787.0
545	123308.0	124913.0
546	123455.0	124635.0
547	123227.0	124581.0
548	123348.0	124859.0
549	123411.0	124708.0
550	123169.0	124483.0
551	123226.0	124753.0
552	123141.0	124604.0
553	123324.0	124671.0
554	123178.0	124596.0
555	123286.0	124614.0
556	123154.0	124709.0
557	123427.0	124739.0
558	123302.0	124660.0
559	123416.0	124805.0
560	123416.0	124613.0
561	123595.0	124764.0
562	123392.0	124776.0
563	123204.0	124944.0
564	123334.0	124923.0
565	123228.0	124784.0
566	123374.0	124959.0
567	123436.0	124848.0
568	123385.0	124945.0
569	123183.0	124902.0
570	123406.0	124894.0
571	123325.0	124878.0
572	123190.0	125094.0
573	123303.0	125090.0
574	123395.0	124828.0
575	123339.0	124943.0
576	123434.0	124855.0
577	123323.0	124905.0
578	123539.0	124966.0
579	123426.0	124909.0
580	123248.0	124879.0
581	123264.0	125011.0
582	123342.0	124803.0
583	123463.0	124874.0
584	123765.0	124833.0
585	123379.0	125182.0
586	123333.0	124720.0
587	123470.0	124849.0
588	123425.0	125104.0
589	123708.0	125023.0
590	123475.0	124871.0
591	123363.0	124970.0
592	123377.0	125270.0
593	123338.0	124533.0
594	123316.0	124897.0
595	123489.0	124933.0
596	123252.0	125016.0
597	123276.0	125052.0
598	123441.0	125018.0
599	123364.0	124993.0
600	123314.0	125021.0
601	123478.0	124791.0
602	123089.0	125138.0
603	123393.0	125059.0
604	123203.0	124829.0
605	123335.0	125211.0
606	123496.0	125048.0
607	123366.0	125018.0
608	123458.0	124945.0
609	123335.0	124805.0
610	123077.0	124795.0
611	123187.0	124908.0
612	123197.0	124955.0
613	123180.0	124864.0
614	123245.0	124980.0
615	123407.0	125059.0
616	123247.0	124767.0
617	123423.0	124891.0
618	123397.0	124526.0
619	123277.0	124718.0
620	122982.0	124707.0
621	123149.0	124669.0
622	123129.0	124760.0
623	123259.0	124660.0
624	123176.0	124597.0
625	123252.0	124873.0
626	123564.0	124911.0
627	123547.0	124744.0
628	123160.0	124801.0
629	123197.0	124892.0
630	123422.0	124640.0
631	123461.0	125011.0
632	123456.0	124747.0
633	123450.0	124684.0
634	123316.0	124941.0
635	123364.0	124405.0
636	123414.0	124833.0
637	123317.0	124871.0
638	123287.0	124657.0
639	123385.0	124987.0
640	123519.0	124966.0
641	123426.0	125004.0
642	123364.0	124588.0
643	123269.0	124830.0
644	123018.0	124674.0
645	123286.0	124690.0
646	123479.0	124990.0
647	123124.0	124988.0
648	123406.0	124767.0
649	123330.0	125025.0
650	123403.0	124717.0
651	123287.0	124712.0
652	123399.0	124916.0
653	123521.0	124737.0
654	123460.0	124559.0
655	123236.0	124604.0
656	123504.0	124396.0
657	123604.0	124724.0
658	122795.0	124434.0
659	123088.0	124761.0
660	123346.0	124724.0
661	123424.0	124529.0
662	123118.0	124453.0
663	123357.0	124848.0
664	123080.0	124702.0
665	123492.0	124482.0
666	122978.0	124350.0
667	123230.0	124675.0
668	123288.0	124862.0
669	123188.0	124620.0
670	123276.0	124822.0
671	123242.0	124799.0
672	123440.0	124639.0
673	123523.0	124160.0
674	123377.0	124399.0
675	123331.0	124330.0
676	123226.0	124746.0
677	123541.0	124627.0
678	123452.0	124617.0
679	123501.0	124533.0
680	123352.0	124710.0
681	123362.0	124672.0
682	123270.0	124492.0
683	123063.0	124716.0
684	123380.0	124372.0
685	123309.0	124813.0
686	123334.0	124722.0
687	122917.0	124886.0
688	123378.0	124694.0
689	123030.0	124484.0
690	123449.0	124907.0
691	123344.0	124439.0
692	123287.0	124420.0
693	123276.0	124141.0
694	123229.0	124502.0
695	123378.0	124612.0
696	123217.0	124401.0
697	123466.0	124777.0
698	123291.0	124662.0
699	123130.0	124757.0
700	123271.0	124704.0
701	123042.0	124862.0
702	123145.0	124671.0
703	123444.0	124721.0
704	123336.0	124876.0
705	123418.0	124647.0
706	123171.0	124735.0
707	123321.0	124783.0
708	123699.0	124808.0
709	123174.0	124985.0
710	123108.0	124417.0
711	123392.0	124529.0
712	123104.0	124227.0
713	123387.0	124461.0
714	123247.0	124649.0
715	123599.0	124546.0
716	123286.0	124773.0
717	123413.0	124685.0
718	123203.0	124403.0
719	123342.0	124610.0
720	123223.0	124594.0
721	123289.0	124853.0
722	123211.0	124828.0
723	123293.0	124619.0
724	123204.0	124531.0
725	122985.0	124671.0
726	123415.0	124674.0
727	123123.0	124708.0
728	123226.0	124754.0
729	123294.0	124547.0
730	123380.0	124646.0
731	123537.0	124612.0
732	123420.0	124491.0
733	123278.0	124764.0
734	123437.0	124480.0
735	123178.0	124565.0
736	123050.0	124571.0
737	123379.0	124659.0
738	123294.0	124344.0
739	123078.0	124459.0
740	123461.0	124838.0
741	122994.0	124446.0
742	123173.0	124713.0
743	123012.0	124657.0
744	123338.0	124771.0
745	123164.0	124748.0
746	123372.0	124696.0
747	123420.0	124655.0
748	123133.0	124725.0
749	123152.0	124896.0
750	123166.0	124829.0
751	123264.0	124949.0
752	123353.0	124754.0
753	122938.0	124743.0
754	123263.0	124947.0
755	123252.0	124718.0
756	123351.0	124778.0
757	123147.0	124667.0
758	123321.0	124632.0
759	123253.0	124516.0
760	123414.0	124566.0
761	123190.0	124832.0
762	123178.0	124643.0
763	123221.0	124869.0
764	123159.0	124539.0
765	123065.0	124901.0
766	123078.0	124855.0
767	123372.0	124672.0
768	123209.0	124714.0
769	123309.0	124832.0
770	123490.0	124802.0
771	123650.0	124602.0
772	123206.0	124860.0
773	123398.0	124911.0
774	123252.0	124788.0
775	122943.0	124590.0
776	123044.0	124806.0
777	123054.0	124713.0
778	123253.0	124901.0
779	123187.0	125175.0
780	123217.0	125112.0
781	123079.0	124850.0
782	122866.0	124919.0
783	123306.0	124551.0
784	123175.0	124953.0
785	123174.0	124559.0
786	123194.0	124698.0
787	122826.0	124614.0
788	123045.0	124728.0
789	123043.0	124384.0
790	122717.0	124664.0
791	122907.0	124660.0
792	122682.0	124678.0
793	122799.0	124351.0
794	122661.0	124627.0
795	123006.0	124757.0
796	123167.0	124627.0
797	123042.0	124669.0
798	122712.0	124801.0
799	122738.0	124552.0
800	122766.0	124468.0
801	122899.0	124541.0
802	122769.0	124979.0
803	122973.0	124487.0
804	122617.0	124349.0
805	122997.0	124317.0
806	122861.0	124380.0
807	122856.0	124463.0
808	122836.0	124207.0
809	122773.0	124567.0
810	123001.0	124423.0
811	122834.0	124622.0
812	122842.0	124811.0
813	122638.0	124317.0
814	122944.0	124468.0
815	122623.0	124331.0
816	122853.0	124142.0
817	122966.0	124295.0
818	122721.0	124493.0
819	122961.0	124325.0
820	122952.0	124600.0
821	122904.0	124340.0
822	122938.0	124407.0
823	123012.0	124249.0
824	122643.0	124463.0
825	123065.0	124144.0
826	123092.0	124287.0
827	122993.0	124302.0
828	122880.0	124250.0
829	123027.0	124640.0
830	122338.0	124121.0
831	122645.0	124241.0
832	122877.0	124193.0
833	123104.0	124342.0
834	123126.0	124380.0
835	122852.0	124574.0
836	123236.0	124419.0
837	123225.0	124245.0
838	122904.0	124295.0
839	122818.0	124522.0
840	123320.0	124214.0
841	122939.0	123919.0
842	122759.0	124456.0
843	122983.0	124056.0
844	122661.0	124190.0
845	123205.0	124152.0
846	122836.0	124589.0
847	122948.0	124156.0
848	122809.0	124193.0
849	122987.0	124494.0
850	123384.0	123973.0
851	122900.0	123849.0
852	123037.0	124286.0
853	123230.0	123931.0
854	122756.0	124205.0
855	123062.0	124277.0
856	123147.0	124068.0
857	122735.0	124031.0
858	123141.0	124277.0
859	123178.0	124209.0
860	123127.0	124421.0
861	123127.0	124093.0
862	123230.0	124055.0
863	123157.0	124172.0
864	123127.0	124186.0
865	123263.0	124208.0
866	123159.0	124317.0
867	123144.0	124246.0
868	123051.0	124216.0
869	122912.0	123980.0
870	123119.0	124166.0
871	122956.0	124012.0
872	123249.0	123777.0
873	123140.0	123983.0
874	123213.0	123938.0
875	123168.0	124234.0
876	123136.0	123875.0
877	123244.0	124291.0
878	122843.0	123796.0
879	123171.0	123819.0
880	123348.0	123868.0
881	123176.0	123864.0
882	122980.0	124152.0
883	123295.0	124232.0
884	123141.0	124080.0
885	123282.0	124229.0
886	122861.0	124294.0
887	122896.0	124514.0
888	122878.0	124281.0
889	122731.0	124069.0
890	123044.0	124139.0
891	122978.0	124126.0
892	122881.0	123958.0
893	123036.0	124238.0
894	123051.0	124313.0
895	123197.0	123899.0
896	123143.0	124289.0
897	123282.0	124128.0
898	122863.0	124112.0
899	123201.0	124204.0
900	122951.0	124184.0
901	123292.0	124123.0
902	123353.0	124109.0
903	123158.0	124150.0
904	123053.0	124257.0
905	123165.0	124244.0
906	123319.0	124346.0
907	123066.0	124274.0
908	123054.0	123890.0
909	123109.0	124273.0
910	122866.0	123935.0
911	123170.0	124361.0
912	123169.0	123966.0
913	123011.0	124418.0
914	123470.0	124348.0
915	122933.0	124126.0
916	122927.0	124608.0
917	123269.0	124182.0
918	123042.0	124403.0
919	123027.0	124169.0
920	123003.0	124255.0
921	123250.0	124257.0
922	123250.0	124105.0
923	123131.0	124121.0
924	123399.0	124512.0
925	123371.0	124295.0
926	123358.0	124145.0
927	122999.0	124373.0
928	123079.0	124165.0
929	123325.0	124470.0
930	123444.0	124162.0
931	123392.0	124385.0
932	122987.0	124580.0
933	123329.0	124196.0
934	123045.0	124159.0
935	123359.0	124302.0
936	123388.0	124286.0
937	123278.0	124271.0
938	123463.0	124251.0
939	123407.0	124229.0
940	123097.0	124340.0
941	123153.0	124272.0
942	123136.0	124217.0
943	123217.0	124285.0
944	123254.0	124377.0
945	123223.0	124562.0
946	123256.0	124440.0
947	123366.0	124243.0
948	123164.0	124436.0
949	123109.0	124307.0
950	123153.0	124266.0
951	123148.0	124137.0
952	123462.0	124579.0
953	123226.0	124338.0
954	123360.0	124231.0
955	123157.0	124368.0
956	123221.0	124530.0
957	123378.0	124500.0
958	123153.0	124438.0
959	123360.0	124516.0
960	123307.0	124450.0
961	123435.0	124144.0
962	123522.0	124402.0
963	123079.0	124202.0
964	123239.0	124292.0
965	123167.0	124151.0
966	123376.0	124350.0
967	123282.0	124483.0
968	123231.0	124724.0
969	123241.0	124347.0
970	123497.0	124502.0
971	123204.0	124259.0
972	123060.0	124580.0
973	123215.0	124666.0
974	123191.0	124602.0
975	123291.0	124424.0
976	123081.0	124208.0
977	123008.0	124466.0
978	123209.0	124622.0
979	123311.0	124256.0
980	123331.0	124768.0
981	123351.0	124228.0
982	123148.0	124225.0
983	123046.0	124367.0
984	123085.0	124508.0
985	123212.0	124263.0
986	123250.0	124208.0
987	123215.0	124290.0
988	123267.0	124019.0
989	123008.0	124285.0
990	123319.0	124516.0
991	123274.0	124486.0
992	123139.0	124010.0
993	123202.0	124365.0
994	123378.0	124147.0
995	123252.0	124277.0
996	123137.0	124233.0
997	123282.0	124395.0
998	123169.0	124420.0
999	123001.0	124432.0
1000	123118.0	124106.0
1001	123580.0	124079.0
1002	123397.0	124380.0
1003	123441.0	123936.0
1004	123298.0	124277.0
1005	122956.0	124443.0
1006	123239.0	124154.0
1007	123203.0	124414.0
1008	123010.0	124099.0
1009	122998.0	124665.0
1010	123028.0	124376.0
1011	122988.0	124315.0
1012	123149.0	124497.0
1013	123247.0	124482.0
1014	123304.0	124271.0
1015	123269.0	124498.0
1016	123070.0	124467.0
1017	123282.0	124554.0
1018	123088.0	124456.0
1019	123007.0	124226.0
1020	123238.0	124482.0
1021	123162.0	124506.0
1022	123200.0	124582.0
1023	122994.0	124271.0
1024	123038.0	124093.0
1025	123049.0	124452.0
1026	123023.0	124642.0
1027	123217.0	124339.0
1028	122729.0	124364.0
1029	123089.0	124602.0
1030	123159.0	124692.0
1031	123089.0	124218.0
1032	123146.0	124356.0
1033	123000.0	124761.0
1034	123291.0	124448.0
1035	123050.0	124479.0
1036	122913.0	124374.0
1037	123201.0	124424.0
1038	123088.0	124454.0
1039	123235.0	124345.0
1040	122947.0	124585.0
1041	123031.0	124381.0
1042	123032.0	124391.0
1043	123148.0	124263.0
1044	123150.0	124526.0
1045	122976.0	124054.0
1046	122910.0	124304.0
1047	122956.0	124650.0
1048	123269.0	124390.0
1049	122889.0	124039.0
1050	123019.0	124404.0
1051	123053.0	124266.0
1052	123118.0	124115.0
1053	123291.0	124135.0
1054	123230.0	124244.0
1055	123598.0	124282.0
1056	123122.0	124307.0
1057	123170.0	124434.0
1058	123334.0	124397.0
1059	122892.0	124321.0
1060	123162.0	124871.0
1061	123183.0	124586.0
1062	123184.0	124427.0
1063	123407.0	124370.0
1064	123178.0	124380.0
1065	123349.0	124586.0
1066	123166.0	124506.0
1067	122999.0	124214.0
1068	122956.0	124502.0
1069	123132.0	124370.0
1070	122682.0	124541.0
1071	123217.0	124182.0
1072	123051.0	124335.0
1073	122893.0	124362.0
1074	123207.0	124382.0
1075	123016.0	124495.0
1076	123463.0	124499.0
1077	123233.0	124508.0
1078	123272.0	124338.0
1079	122878.0	124180.0
1080	122936.0	124328.0
1081	122990.0	124633.0
1082	123356.0	124498.0
1083	123139.0	124507.0
1084	123075.0	124402.0
1085	122991.0	124170.0
1086	123014.0	124005.0
1087	122765.0	124445.0
1088	122828.0	124220.0
1089	122993.0	124179.0
1090	123193.0	124285.0
1091	123187.0	124320.0
1092	123090.0	124274.0
1093	122829.0	124378.0
1094	123119.0	124496.0
1095	123241.0	124421.0
1096	123142.0	124424.0
1097	122878.0	124383.0
1098	123063.0	124111.0
1099	122966.0	124651.0
1100	123202.0	124463.0
1101	123004.0	124847.0
1102	123116.0	124142.0
1103	123054.0	124254.0
1104	122883.0	124528.0
1105	122899.0	124469.0
1106	122960.0	124136.0
1107	123078.0	124531.0
1108	123070.0	123955.0
1109	123229.0	124376.0
1110	122885.0	124363.0
1111	123336.0	124333.0
1112	123063.0	124427.0
1113	123075.0	124355.0
1114	123148.0	124483.0
1115	122895.0	124248.0
1116	123045.0	123969.0
1117	123067.0	124399.0
1118	122790.0	124262.0
1119	123063.0	124201.0
1120	123048.0	124037.0
1121	122953.0	124473.0
1122	122782.0	124138.0
1123	123236.0	124060.0
1124	123000.0	124208.0
1125	122946.0	124111.0
1126	122730.0	124108.0
1127	123244.0	124163.0
1128	123092.0	124063.0
1129	123118.0	124049.0
1130	123062.0	124105.0
1131	123306.0	123842.0
1132	122883.0	124007.0
1133	123116.0	124523.0
1134	123123.0	124422.0
1135	123249.0	124062.0
1136	123003.0	124112.0
1137	123172.0	124228.0
1138	123142.0	124292.0
1139	123162.0	124208.0
1140	123112.0	124240.0
1141	123424.0	124087.0
1142	123214.0	123971.0
1143	123109.0	124012.0
1144	123566.0	124217.0
1145	123374.0	124002.0
1146	123120.0	123897.0
1147	123271.0	124165.0
1148	123182.0	124037.0
1149	123259.0	123936.0
1150	123363.0	123879.0
1151	123444.0	124201.0
1152	123806.0	123963.0
1153	123614.0	123878.0
1154	123803.0	124336.0
1155	123525.0	124133.0
1156	123585.0	124159.0
1157	123707.0	124351.0
1158	123447.0	124298.0
1159	123640.0	124190.0
1160	123632.0	124081.0
1161	123412.0	124172.0
1162	123460.0	124453.0
1163	123554.0	124502.0
1164	123566.0	124260.0
1165	123430.0	124343.0
1166	123484.0	124016.0
1167	123505.0	124396.0
1168	123499.0	124398.0
1169	123424.0	124188.0
1170	123269.0	124242.0
1171	123211.0	124223.0
1172	123455.0	124360.0
1173	123404.0	124206.0
1174	123593.0	124130.0
1175	123470.0	124221.0
1176	123572.0	124546.0
1177	123271.0	124334.0
1178	123369.0	124363.0
1179	123448.0	124387.0
1180	123485.0	124344.0
1181	123565.0	124148.0
1182	123185.0	124442.0
1183	123346.0	124079.0
1184	123333.0	124312.0
1185	123335.0	124219.0
1186	123061.0	124205.0
1187	123465.0	124139.0
1188	123515.0	124213.0
1189	123152.0	124422.0
1190	123542.0	124077.0
1191	123370.0	124353.0
1192	123247.0	124246.0
1193	123157.0	124212.0
1194	123325.0	124264.0
1195	123184.0	124441.0
1196	123312.0	124380.0
1197	123649.0	124402.0
1198	123339.0	124348.0
1199	123315.0	124173.0
1200	123265.0	124021.0
1201	123037.0	124321.0
1202	123401.0	124185.0
1203	123220.0	124383.0
1204	123105.0	124578.0
1205	123098.0	124494.0
1206	123400.0	124226.0
1207	123207.0	124643.0
1208	123391.0	124235.0
1209	123173.0	124256.0
1210	123221.0	124518.0
1211	123316.0	124109.0
1212	123205.0	124506.0
1213	123222.0	124918.0
1214	123045.0	124471.0
1215	123216.0	124235.0
1216	123311.0	124631.0
1217	123533.0	124231.0
1218	123118.0	124532.0
1219	123383.0	124567.0
1220	122877.0	124599.0
1221	123061.0	124450.0
1222	123094.0	124611.0
1223	123190.0	124501.0
1224	123165.0	124384.0
1225	122950.0	124711.0
1226	123130.0	124640.0
1227	123000.0	124554.0
1228	123016.0	124575.0
1229	123244.0	124568.0
1230	123207.0	124626.0
1231	123197.0	124502.0
1232	123098.0	124847.0
1233	123094.0	124825.0
1234	122827.0	124610.0
1235	123362.0	123904.0
1236	123247.0	124761.0
1237	123268.0	124590.0
1238	122959.0	124353.0
1239	122907.0	124534.0
1240	122961.0	124441.0
1241	123154.0	124545.0
1242	122880.0	124573.0
1243	123153.0	124326.0
1244	122948.0	124608.0
1245	123300.0	124187.0
1246	123149.0	124703.0
1247	122985.0	124559.0
1248	123186.0	124556.0
1249	123009.0	124628.0
1250	123188.0	124278.0
1251	123205.0	124884.0
1252	122863.0	124855.0
1253	122942.0	124423.0
1254	123141.0	124428.0
1255	123171.0	124563.0
1256	123462.0	124554.0
1257	123271.0	124738.0
1258	123257.0	124526.0
1259	123249.0	124702.0
1260	123042.0	124529.0
1261	123212.0	124571.0
1262	123256.0	124763.0
1263	123047.0	124794.0
1264	123014.0	124430.0
1265	123097.0	124725.0
1266	123244.0	124779.0
1267	123178.0	124729.0
1268	123073.0	124780.0
1269	123299.0	124489.0
1270	123256.0	124493.0
1271	123015.0	124522.0
1272	123247.0	124646.0
1273	123189.0	124777.0
1274	123163.0	124335.0
1275	123003.0	124389.0
1276	123419.0	124502.0
1277	123347.0	124637.0
1278	122817.0	124524.0
1279	123059.0	124861.0
1280	123231.0	124471.0
1281	123153.0	124648.0
1282	123402.0	124663.0
1283	123164.0	124493.0
1284	123216.0	124547.0
1285	123306.0	124608.0
1286	123296.0	124850.0
1287	123256.0	124549.0
1288	123464.0	124301.0
1289	123069.0	124546.0
1290	123052.0	124535.0
1291	123057.0	124388.0
1292	123081.0	124424.0
1293	123173.0	124421.0
1294	123227.0	124494.0
1295	123039.0	124501.0
1296	123429.0	124339.0
1297	122976.0	124421.0
1298	123344.0	124521.0
1299	123348.0	124455.0
1300	123259.0	124260.0
1301	123157.0	124257.0
1302	123580.0	124411.0
1303	123519.0	124737.0
1304	123206.0	124400.0
1305	123317.0	124293.0
1306	123293.0	124499.0
1307	123250.0	124392.0
1308	123309.0	124259.0
1309	123233.0	124085.0
1310	123712.0	124086.0
1311	123482.0	124532.0
1312	123447.0	124241.0
1313	123249.0	124499.0
1314	123035.0	124134.0
1315	123285.0	124081.0
1316	123043.0	124192.0
1317	123492.0	124101.0
1318	123300.0	124193.0
1319	123337.0	124179.0
1320	123449.0	124190.0
1321	123418.0	124171.0
1322	123175.0	124202.0
1323	123040.0	124243.0
1324	123371.0	124251.0
1325	123100.0	124274.0
1326	123361.0	124028.0
1327	123221.0	124093.0
1328	123225.0	124325.0
1329	123446.0	124154.0
1330	123437.0	124023.0
1331	123515.0	124113.0
1332	123165.0	124113.0
1333	123192.0	124325.0
1334	123051.0	124096.0
1335	123309.0	123871.0
1336	123445.0	124148.0
1337	123528.0	124094.0
1338	123374.0	123932.0
1339	123345.0	124358.0
1340	123165.0	124410.0
1341	123252.0	124141.0
1342	123343.0	124298.0
1343	123489.0	124347.0
1344	123259.0	124260.0
1345	123562.0	124299.0
1346	123290.0	124377.0
1347	123326.0	124388.0
1348	123427.0	124610.0
1349	123350.0	124234.0
1350	123362.0	124501.0
1351	123340.0	124526.0
1352	123606.0	124516.0
1353	123347.0	124492.0
1354	123652.0	124219.0
1355	123412.0	124299.0
1356	123408.0	124345.0
1357	123550.0	124093.0
1358	123730.0	124570.0
1359	123319.0	124364.0
1360	123337.0	124582.0
1361	123428.0	124674.0
1362	123324.0	124172.0
1363	123786.0	124260.0
1364	123422.0	124496.0
1365	123415.0	124623.0
1366	123739.0	124749.0
1367	123450.0	124486.0
1368	123602.0	124547.0
1369	123462.0	124370.0
1370	123392.0	124404.0
1371	123681.0	124672.0
1372	123446.0	124525.0
1373	123492.0	124671.0
1374	123278.0	124338.0
1375	123245.0	124600.0
1376	123598.0	124554.0
1377	123657.0	124547.0
1378	123303.0	124422.0
1379	123419.0	124290.0
1380	123609.0	123927.0
1381	123551.0	124243.0
1382	123687.0	124214.0
1383	123555.0	124006.0
1384	123641.0	124241.0
1385	123572.0	124220.0
1386	123597.0	124453.0
1387	123800.0	124352.0
1388	123435.0	124438.0
1389	123443.0	124334.0
1390	123576.0	124263.0
1391	123789.0	124252.0
1392	123266.0	124255.0
1393	123260.0	124366.0
1394	123641.0	124137.0
1395	123701.0	124480.0
1396	123521.0	124259.0
1397	123495.0	124284.0
1398	123632.0	124543.0
1399	123384.0	124448.0
1400	123307.0	124299.0
1401	123394.0	124244.0
1402	123863.0	124315.0
1403	123639.0	124304.0
1404	123454.0	124338.0
1405	123675.0	124500.0
1406	123544.0	124845.0
1407	123534.0	124338.0
1408	123451.0	124291.0
1409	123555.0	124668.0
1410	123464.0	124505.0
1411	123557.0	124335.0
1412	123547.0	124828.0
1413	123780.0	124715.0
1414	123594.0	124563.0
1415	123755.0	124503.0
1416	123627.0	124556.0
1417	123452.0	124448.0
1418	123391.0	124640.0
1419	123552.0	124732.0
1420	123655.0	124388.0
1421	123305.0	124506.0
1422	123434.0	124466.0
1423	122956.0	124355.0
1424	123217.0	124677.0
1425	123275.0	124524.0
1426	123069.0	124660.0
1427	123116.0	124935.0
1428	123473.0	124413.0
1429	122941.0	124246.0
1430	123089.0	124766.0
1431	123346.0	124717.0
1432	123205.0	124162.0
1433	123154.0	124440.0
1434	123250.0	124461.0
1435	123242.0	124583.0
1436	123233.0	124621.0
1437	123286.0	124347.0
1438	122966.0	124590.0
1439	123154.0	124453.0
1440	123336.0	124858.0
1441	123276.0	124593.0
1442	123377.0	124548.0
1443	123404.0	124572.0
1444	123309.0	124718.0
1445	122906.0	124219.0
1446	123021.0	124757.0
1447	122930.0	124726.0
1448	123320.0	124844.0
1449	122958.0	124784.0
1450	123203.0	124560.0
1451	122751.0	124423.0
1452	123231.0	124547.0
1453	123251.0	124732.0
1454	123332.0	124516.0
1455	122949.0	124581.0
1456	123170.0	124377.0
1457	123223.0	124306.0
1458	123136.0	124504.0
1459	123190.0	124474.0
1460	123148.0	124579.0
1461	123076.0	124518.0
1462	123101.0	124732.0
1463	123185.0	124753.0
1464	123223.0	124471.0
1465	123047.0	124353.0
1466	123030.0	124496.0
1467	123458.0	124281.0
1468	123321.0	124511.0
1469	123343.0	124820.0
1470	122983.0	124908.0
1471	123163.0	124381.0
1472	123137.0	124480.0
1473	123069.0	124310.0
1474	122922.0	124352.0
1475	123003.0	124410.0
1476	123134.0	124700.0
1477	123185.0	124332.0
1478	123374.0	124550.0
1479	123081.0	124487.0
1480	123153.0	124431.0
1481	123127.0	124728.0
1482	123182.0	124622.0
1483	122883.0	124623.0
1484	123000.0	124848.0
1485	123153.0	124577.0
1486	122955.0	124482.0
1487	123137.0	124507.0
1488	122984.0	124703.0
1489	123013.0	124783.0
1490	122957.0	124668.0
1491	123214.0	124644.0
1492	123436.0	124786.0
1493	123100.0	124539.0
1494	123005.0	124449.0
1495	122980.0	124566.0
1496	122990.0	124665.0
1497	122878.0	124533.0
1498	123186.0	124693.0
1499	122986.0	124633.0
1500	123022.0	124624.0
1501	123084.0	124698.0
1502	122977.0	124554.0
1503	123127.0	124304.0
1504	122889.0	124535.0
1505	123192.0	124667.0
1506	123200.0	124560.0
1507	123112.0	124405.0
1508	123399.0	124262.0
1509	123129.0	124579.0
1510	123372.0	124360.0
1511	123481.0	124362.0
1512	123019.0	124443.0
1513	123550.0	124355.0
1514	123347.0	124453.0
1515	123152.0	124524.0
1516	123368.0	124503.0
1517	123157.0	124568.0
1518	123405.0	124538.0
1519	123094.0	124530.0
1520	123328.0	124434.0
1521	123429.0	124028.0
1522	123325.0	124468.0
1523	123025.0	124438.0
1524	123120.0	124317.0
1525	123522.0	124214.0
1526	123150.0	124279.0
1527	123157.0	124335.0
1528	123298.0	124444.0
1529	123383.0	124229.0
1530	123484.0	124378.0
1531	123408.0	124455.0
1532	123206.0	124202.0
1533	123346.0	124369.0
1534	123234.0	124374.0
1535	123619.0	124317.0
1536	123227.0	124470.0
1537	123315.0	124268.0
1538	123364.0	124173.0
1539	123286.0	123983.0
1540	123622.0	124407.0
1541	123306.0	124588.0
1542	123226.0	124329.0
1543	123383.0	124311.0
1544	123531.0	124394.0
1545	123145.0	124275.0
1546	123403.0	124419.0
1547	123417.0	124206.0
1548	123237.0	124136.0
1549	123640.0	124051.0
1550	123442.0	124218.0
1551	123330.0	124250.0
1552	123347.0	124326.0
1553	123507.0	124085.0
1554	123644.0	124167.0
1555	123494.0	124366.0
1556	123468.0	124495.0
1557	123536.0	124505.0
1558	123503.0	124412.0
1559	123520.0	124320.0
1560	123564.0	124274.0
1561	123176.0	124521.0
1562	123541.0	124568.0
1563	123544.0	124412.0
1564	123300.0	124326.0
1565	123440.0	124295.0
1566	123338.0	124522.0
1567	123541.0	124183.0
1568	123156.0	124409.0
1569	123450.0	124223.0
1570	123677.0	124348.0
1571	123399.0	124184.0
1572	123494.0	124222.0
1573	123329.0	124502.0
1574	123479.0	124689.0
1575	123713.0	124453.0
1576	123314.0	124364.0
1577	123372.0	124319.0
1578	123426.0	124178.0
1579	123370.0	124360.0
1580	123515.0	124257.0
1581	123867.0	124377.0
1582	123546.0	124491.0
1583	123683.0	124355.0
1584	123629.0	124339.0
1585	123635.0	124323.0
1586	123640.0	124231.0
1587	123399.0	124224.0
1588	123619.0	124243.0
1589	123904.0	124088.0
1590	123602.0	124043.0
1591	123614.0	124201.0
1592	123458.0	124721.0
1593	123339.0	124317.0
1594	123483.0	124424.0
1595	123503.0	124516.0
1596	123506.0	124629.0
1597	123205.0	124280.0
1598	123581.0	124354.0
1599	123149.0	124185.0
1600	123369.0	124198.0
1601	123481.0	124357.0
1602	123439.0	124283.0
1603	123559.0	124528.0
1604	123396.0	124563.0
1605	123636.0	124523.0
1606	123727.0	124417.0
1607	123416.0	124619.0
1608	123411.0	124204.0
1609	123180.0	124412.0
1610	123259.0	124545.0
1611	123235.0	124601.0
1612	123429.0	124571.0
1613	123339.0	124380.0
1614	123206.0	124732.0
1615	123349.0	124630.0
1616	123429.0	124308.0
1617	123331.0	124227.0
1618	123221.0	124581.0
1619	123339.0	124750.0
1620	123059.0	124341.0
1621	123323.0	124881.0
1622	123350.0	124651.0
1623	123526.0	124550.0
1624	123470.0	124610.0
1625	123152.0	124624.0
1626	123161.0	124680.0
1627	123215.0	124795.0
1628	123465.0	124741.0
1629	123324.0	124861.0
1630	123113.0	124491.0
1631	123054.0	124862.0
1632	123155.0	124787.0
1633	122967.0	124613.0
1634	123055.0	124689.0
1635	123458.0	124991.0
1636	123227.0	124684.0
1637	123257.0	124676.0
1638	123333.0	124593.0
1639	123267.0	124263.0
1640	123100.0	124689.0
1641	122904.0	124883.0
1642	122904.0	124515.0
1643	123015.0	124835.0
1644	122783.0	124438.0
1645	122936.0	124334.0
1646	123062.0	124422.0
1647	123271.0	124525.0
1648	123103.0	124533.0
1649	122921.0	124511.0
1650	123245.0	124412.0
1651	123553.0	124512.0
1652	123005.0	124778.0
1653	122825.0	124688.0
1654	123235.0	124727.0
1655	123446.0	124765.0
1656	123241.0	124801.0
1657	123268.0	124547.0
1658	122931.0	124519.0
1659	123257.0	124529.0
1660	123230.0	124650.0
1661	123131.0	124574.0
1662	122955.0	124488.0
1663	123000.0	124442.0
1664	122976.0	124525.0
1665	123203.0	124436.0
1666	123049.0	124618.0
1667	122891.0	124535.0
1668	123161.0	124319.0
1669	123049.0	124529.0
1670	123029.0	124730.0
1671	123336.0	124182.0
1672	123303.0	124589.0
1673	122961.0	124510.0
1674	123199.0	124356.0
1675	123435.0	124192.0
1676	123474.0	124364.0
1677	123306.0	124485.0
1678	123157.0	124591.0
1679	123009.0	124446.0
1680	123301.0	124280.0
1681	123203.0	124301.0
1682	123019.0	124116.0
1683	122906.0	124561.0
1684	123093.0	124745.0
1685	123239.0	124540.0
1686	123169.0	124401.0
1687	122920.0	124092.0
1688	123000.0	124436.0
1689	122927.0	124437.0
1690	123201.0	124278.0
1691	123338.0	124121.0
1692	123109.0	124189.0
1693	123357.0	124209.0
1694	123229.0	124346.0
1695	123338.0	124318.0
1696	123327.0	124204.0
1697	123322.0	124253.0
1698	123408.0	124509.0
1699	122971.0	124400.0
1700	123265.0	124622.0
1701	123112.0	124347.0
1702	123083.0	124649.0
1703	123309.0	124222.0
1704	122964.0	124231.0
1705	123146.0	124261.0
1706	123191.0	124185.0
1707	123205.0	124286.0
1708	123119.0	124619.0
1709	123245.0	124300.0
1710	123196.0	124291.0
1711	123207.0	124539.0
1712	123148.0	124181.0
1713	123031.0	123970.0
1714	123190.0	124341.0
1715	123088.0	124507.0
1716	123474.0	124387.0
1717	123280.0	124552.0
1718	122991.0	124387.0
1719	123434.0	124212.0
1720	123163.0	124299.0
1721	123261.0	123988.0
1722	123099.0	124307.0
1723	122831.0	124170.0
1724	122979.0	124142.0
1725	122873.0	124154.0
1726	123018.0	124266.0
1727	123069.0	124425.0
1728	123098.0	124215.0
1729	123127.0	124347.0
1730	122993.0	124461.0
1731	123413.0	124348.0
1732	123377.0	124275.0
1733	122943.0	124713.0
1734	123226.0	124386.0
1735	123114.0	124200.0
1736	123133.0	124477.0
1737	123405.0	124601.0
1738	123037.0	124436.0
1739	123289.0	124184.0
1740	123267.0	124372.0
1741	123126.0	124365.0
1742	123244.0	124383.0
1743	123176.0	124393.0
1744	123340.0	124216.0
1745	123363.0	124678.0
1746	123458.0	124424.0
1747	123229.0	124310.0
1748	123444.0	124285.0
1749	122950.0	124079.0
1750	123190.0	124402.0
1751	123335.0	124377.0
1752	123114.0	124390.0
1753	123377.0	124383.0
1754	123010.0	124281.0
1755	123159.0	124518.0
1756	123155.0	124539.0
1757	123095.0	124469.0
1758	123249.0	124679.0
1759	123123.0	124311.0
1760	123036.0	124139.0
1761	123103.0	124151.0
1762	123008.0	124304.0
1763	123260.0	124376.0
1764	123144.0	124234.0
1765	123138.0	124344.0
1766	123056.0	124367.0
1767	123396.0	124283.0
1768	123085.0	124329.0
1769	123122.0	124611.0
1770	123079.0	124277.0
1771	123097.0	124274.0
1772	122751.0	124259.0
1773	123159.0	124702.0
1774	123223.0	124658.0
1775	123133.0	124371.0
1776	123192.0	124342.0
1777	122989.0	124432.0
1778	123433.0	124550.0
1779	123153.0	124319.0
1780	123089.0	124463.0
1781	123195.0	124278.0
1782	123180.0	124192.0
1783	123381.0	124245.0
1784	123197.0	124343.0
1785	123003.0	124194.0
1786	123071.0	124195.0
1787	123188.0	124278.0
1788	123355.0	124363.0
1789	123233.0	124368.0
1790	123313.0	124162.0
1791	123304.0	124597.0
1792	123559.0	124647.0
1793	123331.0	124085.0
1794	122987.0	124379.0
1795	123283.0	124468.0
1796	123226.0	124452.0
1797	123261.0	124098.0
1798	123491.0	124456.0
1799	123489.0	124265.0
1800	123236.0	124235.0
1801	123389.0	124424.0
1802	123353.0	124337.0
1803	123254.0	124473.0
1804	123422.0	124411.0
1805	123173.0	124164.0
1806	123332.0	124440.0
1807	123504.0	124468.0
1808	123450.0	124674.0
1809	123531.0	124231.0
1810	123311.0	124655.0
1811	123836.0	124524.0
1812	123694.0	124370.0
1813	123544.0	124378.0
1814	123409.0	124454.0
1815	123251.0	124458.0
1816	123523.0	124285.0
1817	123567.0	124015.0
1818	123406.0	124364.0
1819	123347.0	124342.0
1820	123257.0	124331.0
1821	123322.0	124414.0
1822	123467.0	124416.0
1823	123591.0	124419.0
1824	123061.0	124533.0
1825	123454.0	124328.0
1826	123357.0	124381.0
1827	123096.0	124630.0
1828	123226.0	124532.0
1829	123232.0	124528.0
1830	123262.0	124207.0
1831	123591.0	124530.0
1832	123488.0	124639.0
1833	123267.0	124235.0
1834	123118.0	124546.0
1835	123334.0	124120.0
1836	123431.0	124384.0
1837	123299.0	124383.0
1838	123599.0	124219.0
1839	123639.0	124413.0
1840	123640.0	124155.0
1841	123310.0	124090.0
1842	123362.0	124401.0
1843	123520.0	124281.0
1844	123411.0	124499.0
1845	123715.0	124607.0
1846	123549.0	124251.0
1847	123366.0	124424.0
1848	123216.0	124332.0
1849	123474.0	124361.0
1850	123620.0	124382.0
1851	123647.0	124376.0
1852	123212.0	124441.0
1853	123130.0	124493.0
1854	123541.0	124555.0
1855	123529.0	124591.0
1856	123509.0	124297.0
1857	123671.0	124543.0
1858	123397.0	124239.0
1859	123491.0	124297.0
1860	123351.0	124574.0
1861	123480.0	124521.0
1862	123393.0	124347.0
1863	123574.0	124345.0
1864	123663.0	124329.0
1865	123611.0	124516.0
1866	123194.0	124279.0
1867	123308.0	124195.0
1868	123295.0	124430.0
1869	123288.0	124416.0
1870	123853.0	124600.0
1871	123595.0	124229.0
1872	123030.0	124417.0
1873	123364.0	124380.0
1874	123228.0	124413.0
1875	123179.0	124392.0
1876	123351.0	124358.0
1877	123515.0	124569.0
1878	123187.0	124444.0
1879	123234.0	124381.0
1880	123311.0	124430.0
1881	123109.0	124333.0
1882	123208.0	124530.0
1883	123191.0	124388.0
1884	123133.0	124633.0
1885	122965.0	124660.0
1886	123029.0	124755.0
1887	123097.0	124625.0
1888	123306.0	124358.0
1889	123204.0	124372.0
1890	123093.0	124693.0
1891	123123.0	124638.0
1892	123227.0	124852.0
1893	123438.0	124671.0
1894	123345.0	124711.0
1895	123284.0	124528.0
1896	123145.0	124407.0
1897	123244.0	124254.0
1898	123313.0	124378.0
1899	123352.0	124533.0
1900	122852.0	124414.0
1901	123442.0	124246.0
1902	123244.0	124373.0
1903	123131.0	124721.0
1904	123328.0	124845.0
1905	123359.0	124553.0
1906	123463.0	124720.0
1907	123548.0	124512.0
1908	123316.0	124802.0
1909	123319.0	124577.0
1910	123190.0	124827.0
1911	123509.0	124349.0
1912	123364.0	124582.0
1913	123251.0	124434.0
1914	123133.0	124766.0
1915	123383.0	124499.0
1916	123289.0	124581.0
1917	123421.0	124490.0
1918	123426.0	124626.0
1919	123262.0	124963.0
1920	123486.0	124798.0
1921	123313.0	124515.0
1922	123317.0	124922.0
1923	123415.0	124713.0
1924	123439.0	124433.0
1925	123223.0	124394.0
1926	123588.0	124445.0
1927	123682.0	124244.0
1928	123347.0	124327.0
1929	123327.0	124342.0
1930	123620.0	124285.0
1931	123627.0	124278.0
1932	123671.0	124671.0
1933	123683.0	124335.0
1934	123582.0	124379.0
1935	123579.0	124446.0
1936	123542.0	124356.0
1937	123475.0	124696.0
1938	123591.0	124644.0
1939	123617.0	124232.0
1940	123667.0	124479.0
1941	123607.0	124141.0
1942	123394.0	124108.0
1943	123710.0	124203.0
1944	123598.0	124371.0
1945	123593.0	124453.0
1946	123308.0	124121.0
1947	123501.0	124438.0
1948	123530.0	124271.0
1949	123321.0	123991.0
1950	123451.0	124524.0
1951	123373.0	124141.0
1952	123513.0	124265.0
1953	123440.0	124190.0
1954	123401.0	124369.0
1955	123498.0	124200.0
1956	123207.0	124521.0
1957	123329.0	124145.0
1958	123432.0	124388.0
1959	123471.0	124682.0
1960	123747.0	124274.0
1961	123664.0	124227.0
1962	123453.0	124803.0
1963	123314.0	124491.0
1964	123423.0	124054.0
1965	123511.0	124359.0
1966	123260.0	124127.0
1967	123811.0	124272.0
1968	123550.0	124266.0
1969	123347.0	124158.0
1970	123273.0	124064.0
1971	123306.0	124450.0
1972	123299.0	124263.0
1973	123136.0	124549.0
1974	123518.0	124317.0
1975	123712.0	124142.0
1976	123417.0	124374.0
1977	123601.0	124318.0
1978	123583.0	124477.0
1979	123538.0	124224.0
1980	123484.0	124582.0
1981	123408.0	124449.0
1982	123519.0	124428.0
1983	123606.0	124452.0
1984	123624.0	124691.0
1985	123496.0	124986.0
1986	123614.0	125023.0
1987	123591.0	124808.0
1988	123645.0	124581.0
1989	123757.0	124246.0
1990	123586.0	124677.0
1991	123244.0	124782.0
1992	123502.0	124387.0
1993	123367.0	124282.0
1994	123359.0	124171.0
1995	123437.0	124617.0
1996	123608.0	124523.0
1997	123365.0	124677.0
1998	123601.0	124710.0
1999	123446.0	124729.0
