Offset	A	C	G	T	A/T	C/G	A/G	C/T	AA	AC	AG	AT	CA	CC	CG	CT	GA	GC	GG	GT	TA	TC	TG	TT	N	NN
-50	0.328080	0.168980	0.169660	0.333280	0.450928	0.127650	0.259673	0.266206	0.118117	0.046706	0.051784	0.111473	0.054911	0.035158	0.025485	0.053426	0.055040	0.032275	0.034732	0.047612	0.099670	0.055954	0.055989	0.121667	1248464.0	1248464.0
-49	0.327739	0.170093	0.167990	0.334179	0.451158	0.127287	0.258820	0.265632	0.117250	0.046512	0.052066	0.111910	0.055470	0.035040	0.025953	0.053631	0.054662	0.031452	0.034842	0.047034	0.100697	0.055661	0.056520	0.121300	1248464.0	1248464.0
-48	0.328079	0.168665	0.169381	0.333875	0.451355	0.127670	0.260205	0.265649	0.117875	0.046593	0.052262	0.111349	0.054854	0.035029	0.025688	0.053094	0.055186	0.032071	0.034882	0.047242	0.100159	0.055553	0.056191	0.121972	1248464.0	1248464.0
-47	0.328074	0.169246	0.169022	0.333657	0.451524	0.127245	0.258748	0.266870	0.117499	0.046576	0.051641	0.112359	0.054871	0.035118	0.025583	0.053675	0.054899	0.031835	0.034709	0.047578	0.099747	0.056159	0.055832	0.121919	1248464.0	1248464.0
-46	0.327016	0.169688	0.167765	0.335531	0.451445	0.127320	0.257602	0.266536	0.117000	0.046508	0.051908	0.111601	0.055162	0.035162	0.025869	0.053495	0.054253	0.031847	0.034442	0.047224	0.100866	0.055901	0.056786	0.121978	1248464.0	1248464.0
-45	0.327281	0.169418	0.169004	0.334297	0.451022	0.127793	0.259029	0.265614	0.117271	0.046602	0.051777	0.111631	0.055226	0.034882	0.026162	0.053148	0.055085	0.031854	0.034896	0.047169	0.100327	0.055791	0.056386	0.121793	1248464.0	1248464.0
-44	0.327910	0.169129	0.169221	0.333741	0.451582	0.127981	0.258213	0.266708	0.117789	0.046627	0.051366	0.112128	0.054778	0.035376	0.025757	0.053217	0.054545	0.032335	0.034513	0.047828	0.099739	0.056188	0.055887	0.121926	1248464.0	1248464.0
-43	0.326851	0.170526	0.167523	0.335099	0.451118	0.127584	0.257674	0.265652	0.117101	0.046305	0.051917	0.111527	0.055733	0.035105	0.026148	0.053540	0.054071	0.031747	0.034584	0.047121	0.100993	0.055511	0.057099	0.121496	1248464.0	1248464.0
-42	0.327899	0.168668	0.169749	0.333684	0.451415	0.127731	0.259822	0.265999	0.117751	0.046450	0.052016	0.111682	0.054863	0.034819	0.025785	0.053201	0.055013	0.032085	0.035041	0.047609	0.099773	0.055771	0.055932	0.122209	1248464.0	1248464.0
-41	0.327401	0.169125	0.168775	0.334700	0.451468	0.126979	0.257616	0.268075	0.116998	0.046902	0.051684	0.111817	0.054792	0.035044	0.025242	0.054046	0.054485	0.032245	0.034448	0.047596	0.099730	0.056062	0.055986	0.122923	1248464.0	1248464.0
-40	0.326005	0.170252	0.167360	0.336382	0.451895	0.127367	0.257351	0.266837	0.117128	0.046242	0.051484	0.111152	0.055672	0.034981	0.026151	0.053449	0.054046	0.031542	0.034693	0.047079	0.101193	0.055985	0.056782	0.122422	1248464.0	1248464.0
-39	0.328038	0.168750	0.169109	0.334103	0.451799	0.127388	0.259077	0.266273	0.117465	0.047078	0.051667	0.111828	0.054830	0.034857	0.025627	0.053435	0.054864	0.031823	0.035080	0.047342	0.100251	0.055725	0.055871	0.122255	1248464.0	1248464.0
-38	0.327410	0.169483	0.168246	0.334860	0.452216	0.127409	0.257198	0.267983	0.117024	0.046645	0.051226	0.112515	0.054940	0.035327	0.025610	0.053606	0.054560	0.032083	0.034389	0.047215	0.099996	0.056369	0.055814	0.122680	1248464.0	1248464.0
-37	0.326520	0.170425	0.167039	0.336016	0.451557	0.127695	0.256554	0.266656	0.117002	0.046695	0.051362	0.111461	0.055536	0.035133	0.026244	0.053511	0.053619	0.031747	0.034571	0.047102	0.100887	0.055805	0.057117	0.122207	1248464.0	1248464.0
-36	0.327044	0.169380	0.169294	0.334281	0.450230	0.128160	0.259111	0.266273	0.116635	0.046487	0.052347	0.111576	0.055179	0.035116	0.025856	0.053229	0.054803	0.031862	0.035327	0.047303	0.100008	0.055916	0.056346	0.122012	1248464.0	1248464.0
-35	0.326625	0.169380	0.169875	0.334120	0.450658	0.128024	0.258586	0.267337	0.116993	0.046467	0.051461	0.111703	0.054857	0.035431	0.025519	0.053574	0.055112	0.032055	0.035020	0.047689	0.099906	0.056276	0.055882	0.122056	1248464.0	1248464.0
-34	0.326868	0.170229	0.167881	0.335021	0.451086	0.127227	0.258424	0.265639	0.117092	0.046311	0.052050	0.111415	0.055934	0.034840	0.025931	0.053524	0.054562	0.031736	0.034720	0.046863	0.101080	0.055777	0.056666	0.121499	1248464.0	1248464.0
-33	0.328669	0.168663	0.169367	0.333302	0.452060	0.127305	0.260543	0.265267	0.118253	0.046511	0.052000	0.111905	0.055113	0.034780	0.025729	0.053042	0.055323	0.031830	0.034966	0.047247	0.100075	0.055618	0.055781	0.121827	1248464.0	1248464.0
-32	0.328764	0.168739	0.168477	0.334021	0.453439	0.126832	0.259182	0.266580	0.118314	0.046500	0.051473	0.112477	0.054962	0.034728	0.025685	0.053363	0.054886	0.031910	0.034509	0.047172	0.100112	0.055954	0.055420	0.122535	1248464.0	1248464.0
-31	0.328274	0.169091	0.167087	0.335548	0.453940	0.126231	0.259360	0.265256	0.118421	0.046081	0.051878	0.111894	0.055555	0.034800	0.025728	0.053008	0.054755	0.031396	0.034306	0.046629	0.101467	0.055290	0.056633	0.122158	1248464.0	1248464.0
-30	0.330198	0.167568	0.168546	0.333689	0.453959	0.126145	0.261247	0.264353	0.119202	0.046231	0.052208	0.112557	0.054955	0.034256	0.025542	0.052815	0.055044	0.031556	0.034792	0.047153	0.100304	0.055386	0.056103	0.121896	1248464.0	1248464.0
-29	0.329505	0.167428	0.168646	0.334421	0.453603	0.126852	0.260064	0.266134	0.118752	0.046838	0.051750	0.112165	0.054093	0.034798	0.025576	0.052961	0.054906	0.031822	0.034656	0.047262	0.100346	0.056035	0.055700	0.122340	1248464.0	1248464.0
-28	0.328097	0.169492	0.167683	0.334728	0.452583	0.126644	0.259724	0.264615	0.118325	0.046018	0.051992	0.111762	0.055809	0.034635	0.026004	0.053044	0.054856	0.031454	0.034551	0.046822	0.101172	0.055612	0.056620	0.121324	1248464.0	1248464.0
-27	0.330163	0.167719	0.169167	0.332952	0.452902	0.126799	0.260937	0.263768	0.118580	0.046749	0.052332	0.112501	0.054879	0.034391	0.025658	0.052791	0.055260	0.031985	0.034765	0.047157	0.100285	0.055049	0.056081	0.121537	1248464.0	1248464.0
-26	0.329003	0.168175	0.168836	0.333986	0.453057	0.126790	0.258764	0.266611	0.117717	0.046520	0.051682	0.113085	0.054601	0.035041	0.025270	0.053262	0.054895	0.032009	0.034470	0.047462	0.099923	0.055975	0.055756	0.122332	1248464.0	1248464.0
-25	0.327136	0.169545	0.167177	0.336141	0.452802	0.127516	0.257677	0.266392	0.117552	0.046135	0.051572	0.111877	0.054979	0.035110	0.026146	0.053311	0.053921	0.031628	0.034633	0.046996	0.101390	0.055989	0.056779	0.121983	1248464.0	1248464.0
-24	0.327841	0.168861	0.169130	0.334167	0.452123	0.127290	0.259257	0.265574	0.117723	0.046085	0.051671	0.112362	0.055053	0.034955	0.025857	0.052996	0.055257	0.031871	0.034607	0.047396	0.100262	0.055849	0.056281	0.121775	1248464.0	1248464.0
-23	0.328295	0.168760	0.168416	0.334529	0.453131	0.126676	0.257968	0.267231	0.118124	0.046721	0.050919	0.112530	0.054695	0.035138	0.025395	0.053531	0.054767	0.031985	0.034157	0.047506	0.100270	0.056354	0.055698	0.122207	1248464.0	1248464.0
-22	0.327856	0.170199	0.166170	0.335775	0.453631	0.126691	0.257468	0.265622	0.117998	0.045951	0.051412	0.112496	0.055982	0.035071	0.026172	0.052973	0.054102	0.031492	0.033955	0.046620	0.101411	0.055851	0.056787	0.121726	1248464.0	1248464.0
-21	0.329494	0.168365	0.168326	0.333815	0.453674	0.127001	0.260051	0.265107	0.118646	0.046347	0.051873	0.112628	0.055044	0.034718	0.025808	0.052795	0.054772	0.031715	0.034760	0.047079	0.100626	0.055820	0.055595	0.121774	1248464.0	1248464.0
-20	0.329088	0.168600	0.168035	0.334276	0.454812	0.126382	0.258506	0.266845	0.118809	0.046573	0.050709	0.112997	0.054848	0.035231	0.025357	0.053164	0.054966	0.031771	0.034023	0.047276	0.100549	0.055994	0.055278	0.122456	1248464.0	1248464.0
-19	0.329172	0.169569	0.165366	0.335893	0.455680	0.126213	0.257618	0.266241	0.118997	0.046159	0.051240	0.112777	0.055548	0.035077	0.025776	0.053168	0.053289	0.031267	0.034092	0.046717	0.101629	0.055719	0.056268	0.122277	1248464.0	1248464.0
-18	0.329463	0.168222	0.167376	0.334939	0.454313	0.127072	0.258927	0.266639	0.118321	0.046852	0.051398	0.112892	0.054547	0.035099	0.025609	0.052967	0.054559	0.031715	0.034649	0.046453	0.100661	0.056134	0.055704	0.122439	1248464.0	1248464.0
-17	0.328088	0.169800	0.167361	0.334751	0.453540	0.126892	0.258428	0.267822	0.118232	0.046333	0.051052	0.112471	0.055436	0.035369	0.025334	0.053660	0.054790	0.031834	0.034354	0.046383	0.100551	0.056506	0.055408	0.122286	1248464.0	1248464.0
-16	0.329008	0.170043	0.166149	0.334800	0.455220	0.126104	0.258111	0.265645	0.118417	0.046356	0.051184	0.113052	0.056023	0.035078	0.025764	0.053177	0.054284	0.031034	0.034227	0.046604	0.101605	0.055243	0.055805	0.122147	1248464.0	1248464.0
-15	0.330328	0.167712	0.166980	0.334980	0.456576	0.125304	0.260414	0.264660	0.119341	0.046226	0.051567	0.113194	0.055333	0.034565	0.025311	0.052503	0.055142	0.031065	0.034363	0.046411	0.101771	0.055322	0.055617	0.122270	1248464.0	1248464.0
-14	0.331587	0.167177	0.166859	0.334378	0.458872	0.123971	0.259061	0.265716	0.119664	0.046403	0.050676	0.114844	0.055144	0.034521	0.024640	0.052872	0.055127	0.031216	0.033594	0.046922	0.101369	0.055328	0.054686	0.122995	1248464.0	1248464.0
-13	0.331303	0.167467	0.163596	0.337633	0.461398	0.123197	0.258976	0.264326	0.120356	0.045706	0.051136	0.114106	0.055704	0.033915	0.025322	0.052525	0.054102	0.030578	0.033382	0.045534	0.104002	0.054952	0.055745	0.122934	1248464.0	1248464.0
-12	0.334165	0.165150	0.165585	0.335100	0.461806	0.122992	0.261298	0.262708	0.121373	0.046477	0.051394	0.114920	0.054649	0.033526	0.025051	0.051925	0.054936	0.030820	0.033595	0.046234	0.102862	0.054608	0.054980	0.122650	1248464.0	1248464.0
-11	0.333820	0.165431	0.165020	0.335729	0.463963	0.122660	0.260552	0.264962	0.121904	0.045982	0.050732	0.115202	0.054349	0.033785	0.024745	0.052553	0.054521	0.030735	0.033395	0.046368	0.102875	0.054643	0.054229	0.123982	1248464.0	1248464.0
-10	0.333650	0.165145	0.163100	0.338104	0.465113	0.121311	0.258639	0.264604	0.120875	0.046121	0.051015	0.115639	0.054428	0.033207	0.024903	0.052608	0.053774	0.030226	0.032975	0.046125	0.104210	0.054400	0.055105	0.124389	1248464.0	1248464.0
-9	0.333287	0.163953	0.163998	0.338761	0.464585	0.121849	0.258968	0.264833	0.120334	0.045772	0.051621	0.115560	0.053384	0.033524	0.024746	0.052299	0.053993	0.030559	0.033020	0.046427	0.104415	0.054733	0.055337	0.124277	1248464.0	1248464.0
-8	0.332126	0.164589	0.164723	0.338562	0.465808	0.120822	0.254590	0.268120	0.118912	0.045796	0.049981	0.117436	0.053668	0.033967	0.023955	0.053000	0.053606	0.030809	0.032091	0.048217	0.103812	0.055505	0.053597	0.125649	1248464.0	1248464.0
-7	0.329997	0.166077	0.159625	0.344301	0.470803	0.118954	0.250884	0.271918	0.118713	0.045260	0.048963	0.117061	0.054620	0.034039	0.023425	0.053993	0.051852	0.030133	0.031357	0.046283	0.106790	0.055647	0.053625	0.128239	1248464.0	1248464.0
-6	0.331975	0.165080	0.157369	0.345576	0.470349	0.119557	0.250487	0.272871	0.119161	0.046275	0.049297	0.117242	0.053295	0.034838	0.023816	0.053131	0.051326	0.030200	0.030703	0.045139	0.106449	0.057406	0.054224	0.127497	1248464.0	1248464.0
-5	0.330231	0.168719	0.158040	0.343009	0.463214	0.122120	0.245881	0.273176	0.116635	0.049153	0.047857	0.116586	0.054702	0.036906	0.023003	0.054109	0.051261	0.032084	0.030127	0.044568	0.108454	0.060622	0.052394	0.121539	1248464.0	1248464.0
-4	0.331052	0.178766	0.153381	0.336801	0.452390	0.126061	0.238439	0.268389	0.112278	0.050786	0.050008	0.117979	0.058449	0.039788	0.024377	0.056151	0.047275	0.033017	0.028878	0.044211	0.110486	0.060803	0.053865	0.111647	1248464.0	1248464.0
-3	0.328488	0.184395	0.157128	0.329989	0.465778	0.117328	0.251566	0.262431	0.125384	0.045624	0.044187	0.113294	0.062759	0.039936	0.020994	0.060706	0.055298	0.029701	0.026697	0.045432	0.122630	0.057318	0.045570	0.104471	1248464.0	1248464.0
-2	0.366071	0.172580	0.137447	0.323902	0.560518	0.072076	0.207308	0.279786	0.116819	0.034176	0.029887	0.185189	0.058139	0.024127	0.012330	0.077984	0.043038	0.018054	0.017564	0.058791	0.117009	0.036174	0.029218	0.141501	1248464.0	1248464.0
-1	0.335005	0.112531	0.088999	0.463465	0.653043	0.066124	0.237783	0.247503	0.149569	0.027716	0.035831	0.121889	0.046248	0.017272	0.014074	0.034937	0.031892	0.014286	0.020492	0.022329	0.224365	0.038074	0.043805	0.157220	1248464.0	1248464.0
0	0.452074	0.097348	0.114202	0.336376	0.502324	0.072004	0.307934	0.189717	0.139016	0.055773	0.106886	0.150398	0.033361	0.018595	0.013171	0.032222	0.038712	0.016918	0.023321	0.035251	0.120366	0.046358	0.077109	0.092543	1248464.0	1248464.0
1	0.331455	0.137644	0.220486	0.310414	0.415453	0.142505	0.308551	0.214830	0.115669	0.047056	0.063113	0.105617	0.044792	0.027627	0.022818	0.042407	0.076103	0.038394	0.053666	0.052323	0.102419	0.053048	0.063199	0.091747	1248464.0	1248464.0
2	0.338984	0.166125	0.202796	0.292095	0.407656	0.153980	0.297305	0.227121	0.116411	0.051776	0.065769	0.105027	0.055766	0.034519	0.030037	0.045803	0.065414	0.039712	0.049711	0.047959	0.089155	0.049737	0.056140	0.097062	1248464.0	1248464.0
3	0.326746	0.175745	0.201657	0.295852	0.416517	0.149810	0.287324	0.239820	0.121530	0.047733	0.055342	0.102141	0.059662	0.036160	0.029694	0.050229	0.066682	0.040186	0.043770	0.051019	0.090393	0.050978	0.052027	0.102454	1248464.0	1248464.0
4	0.338267	0.175057	0.180833	0.305843	0.433654	0.140693	0.275327	0.255649	0.124321	0.050538	0.054869	0.108539	0.057569	0.037736	0.028417	0.051335	0.058201	0.036604	0.037936	0.048092	0.088767	0.054549	0.050499	0.112028	1248464.0	1248464.0
5	0.328858	0.179428	0.171721	0.319994	0.438351	0.137710	0.265417	0.268063	0.120532	0.046938	0.053669	0.107718	0.057906	0.037974	0.029765	0.053784	0.055019	0.033774	0.036197	0.046730	0.089885	0.056089	0.053804	0.120217	1248464.0	1248464.0
6	0.323341	0.174776	0.173435	0.328448	0.442717	0.135444	0.258367	0.276073	0.117323	0.047486	0.050099	0.108434	0.055394	0.037818	0.027415	0.054149	0.055350	0.034616	0.035595	0.047873	0.091629	0.058775	0.052713	0.125331	1248464.0	1248464.0
7	0.319696	0.178695	0.165822	0.335787	0.447081	0.133900	0.247150	0.284379	0.114372	0.046359	0.048502	0.110464	0.056015	0.038834	0.027735	0.056111	0.050601	0.033655	0.033676	0.047891	0.092564	0.059753	0.053788	0.129682	1248464.0	1248464.0
8	0.313552	0.178600	0.163701	0.344147	0.444605	0.134504	0.249476	0.279346	0.114063	0.045219	0.049264	0.105006	0.058089	0.037738	0.029197	0.053575	0.051649	0.033068	0.034500	0.044484	0.097222	0.059718	0.058893	0.128314	1248464.0	1248464.0
9	0.321023	0.175743	0.171854	0.331379	0.441172	0.135993	0.259813	0.270319	0.116942	0.046532	0.051307	0.106243	0.057535	0.036973	0.028368	0.052866	0.055065	0.034152	0.036498	0.046138	0.094628	0.057121	0.056271	0.123359	1248464.0	1248464.0
10	0.324171	0.174779	0.172445	0.328605	0.442088	0.135163	0.261066	0.268887	0.118637	0.047008	0.050969	0.107557	0.056534	0.037012	0.028169	0.053064	0.055633	0.034155	0.035827	0.046830	0.094381	0.057298	0.055413	0.121513	1248464.0	1248464.0
11	0.325185	0.175473	0.170378	0.328963	0.443219	0.135235	0.261414	0.266926	0.119460	0.046652	0.051643	0.107430	0.057044	0.037120	0.028764	0.052545	0.054602	0.033642	0.035709	0.046425	0.095594	0.056527	0.056108	0.120734	1248464.0	1248464.0
12	0.326701	0.173941	0.172224	0.327134	0.442522	0.136144	0.263164	0.267783	0.119795	0.047303	0.051796	0.107807	0.055773	0.037480	0.028240	0.052448	0.055190	0.034042	0.036382	0.046609	0.094126	0.057061	0.055153	0.120794	1248464.0	1248464.0
13	0.324885	0.175886	0.171572	0.327658	0.441624	0.136355	0.260584	0.269756	0.118729	0.047115	0.051206	0.107835	0.056075	0.037971	0.028471	0.053370	0.054976	0.034240	0.035673	0.046682	0.094181	0.057536	0.055061	0.120880	1248464.0	1248464.0
14	0.323960	0.176862	0.170411	0.328766	0.439638	0.136963	0.259620	0.268617	0.117253	0.047433	0.052115	0.107159	0.056870	0.037859	0.029169	0.052964	0.053987	0.033670	0.036265	0.046489	0.094571	0.057140	0.056401	0.120655	1248464.0	1248464.0
15	0.322681	0.176102	0.173950	0.327267	0.436697	0.137884	0.261944	0.267796	0.116810	0.047243	0.052416	0.106212	0.056644	0.037501	0.029156	0.052801	0.055777	0.034286	0.036941	0.046946	0.093507	0.057326	0.056266	0.120168	1248464.0	1248464.0
16	0.322738	0.176357	0.174779	0.326126	0.437550	0.137991	0.261771	0.268795	0.117427	0.046921	0.051924	0.106466	0.056492	0.037936	0.028744	0.053185	0.055892	0.034783	0.036528	0.047576	0.093380	0.057398	0.055072	0.120277	1248464.0	1248464.0
17	0.323191	0.177038	0.172268	0.327503	0.439375	0.136928	0.262152	0.265880	0.118209	0.046487	0.052154	0.106341	0.057560	0.037108	0.029403	0.052967	0.055247	0.033875	0.036542	0.046604	0.095272	0.056253	0.056425	0.119553	1248464.0	1248464.0
18	0.326288	0.173723	0.174524	0.325465	0.441167	0.136238	0.265137	0.263918	0.119656	0.046972	0.052234	0.107426	0.056357	0.036413	0.028859	0.052094	0.056288	0.034007	0.036960	0.047270	0.094596	0.055922	0.055458	0.119488	1248464.0	1248464.0
19	0.326897	0.173314	0.173510	0.326279	0.442969	0.135898	0.263961	0.266963	0.120125	0.047436	0.051392	0.107944	0.055226	0.037099	0.028146	0.052843	0.055894	0.034104	0.036550	0.046963	0.094394	0.056515	0.054864	0.120506	1248464.0	1248464.0
20	0.325639	0.175154	0.170952	0.328255	0.442696	0.135607	0.263358	0.266204	0.119621	0.046828	0.052291	0.106899	0.056680	0.036846	0.029038	0.052589	0.055084	0.033363	0.036361	0.046144	0.095374	0.055966	0.056113	0.120802	1248464.0	1248464.0
21	0.326760	0.173003	0.173803	0.326434	0.441639	0.136731	0.264961	0.266037	0.119553	0.047293	0.052363	0.107551	0.055024	0.036921	0.028802	0.052256	0.056137	0.034101	0.036908	0.046657	0.093907	0.056233	0.055666	0.120627	1248464.0	1248464.0
22	0.324622	0.174548	0.173738	0.327092	0.438842	0.137652	0.262867	0.267574	0.118259	0.047542	0.052149	0.106672	0.055628	0.037504	0.028697	0.052720	0.055606	0.034598	0.036853	0.046681	0.093720	0.057160	0.056021	0.120191	1248464.0	1248464.0
23	0.323212	0.176804	0.173720	0.326264	0.436493	0.138029	0.262430	0.264717	0.117492	0.047272	0.052435	0.106014	0.057277	0.037320	0.029519	0.052687	0.055761	0.034446	0.036744	0.046770	0.094763	0.056485	0.056791	0.118224	1248464.0	1248464.0
24	0.325292	0.175523	0.175489	0.323696	0.437744	0.137566	0.264782	0.264658	0.119042	0.047493	0.052160	0.106597	0.056372	0.036979	0.029027	0.053145	0.056527	0.034507	0.037053	0.047402	0.093471	0.055899	0.055692	0.118635	1248464.0	1248464.0
25	0.325412	0.174878	0.173931	0.325779	0.439974	0.136355	0.263524	0.267236	0.119174	0.047331	0.051974	0.106932	0.056174	0.037190	0.028700	0.052814	0.056025	0.034114	0.036350	0.047442	0.093537	0.056902	0.055009	0.120330	1248464.0	1248464.0
26	0.324910	0.175537	0.172034	0.327518	0.440533	0.136082	0.262763	0.267373	0.119319	0.046963	0.052058	0.106572	0.056480	0.037187	0.028888	0.052982	0.055178	0.033798	0.036208	0.046850	0.094392	0.056954	0.055922	0.120250	1248464.0	1248464.0
27	0.325369	0.174901	0.173077	0.326653	0.441631	0.136006	0.264271	0.267540	0.119849	0.046931	0.051867	0.106722	0.056443	0.037161	0.028663	0.052634	0.055982	0.033608	0.036573	0.046913	0.093921	0.056605	0.054988	0.121140	1248464.0	1248464.0
28	0.326195	0.174305	0.172091	0.327409	0.443005	0.135473	0.262878	0.268766	0.119513	0.046942	0.051772	0.107967	0.055604	0.037360	0.028240	0.053102	0.055391	0.033673	0.036201	0.046826	0.093843	0.056623	0.055261	0.121682	1248464.0	1248464.0
29	0.324352	0.174598	0.171474	0.329576	0.442787	0.135692	0.263049	0.267515	0.119341	0.046926	0.051828	0.106257	0.056116	0.037239	0.028626	0.052617	0.055369	0.033316	0.036511	0.046278	0.095837	0.056308	0.056079	0.121352	1248464.0	1248464.0
30	0.326663	0.173789	0.173045	0.326504	0.441774	0.136387	0.265120	0.265833	0.119793	0.047046	0.052555	0.107269	0.055853	0.037140	0.028626	0.052171	0.055862	0.033711	0.036910	0.046561	0.094309	0.056120	0.055672	0.120402	1248464.0	1248464.0
31	0.325817	0.174017	0.173762	0.326403	0.440794	0.137000	0.264869	0.266628	0.119565	0.047208	0.052233	0.106811	0.055318	0.037568	0.028544	0.052587	0.056161	0.033979	0.036909	0.046713	0.094428	0.056483	0.055503	0.119990	1248464.0	1248464.0
32	0.325473	0.175237	0.173189	0.326102	0.439557	0.137466	0.264590	0.263410	0.119246	0.046925	0.052665	0.106637	0.056457	0.037456	0.029098	0.052226	0.055616	0.033847	0.037064	0.046662	0.095377	0.055431	0.056996	0.118297	1248464.0	1248464.0
33	0.326695	0.173660	0.175823	0.323822	0.438705	0.137266	0.267442	0.262295	0.119532	0.047360	0.053224	0.106580	0.055967	0.036877	0.028695	0.052121	0.056976	0.033983	0.037711	0.047153	0.094401	0.055105	0.056123	0.118193	1248464.0	1248464.0
34	0.326875	0.173324	0.175754	0.324047	0.438523	0.137414	0.266155	0.263010	0.119298	0.047651	0.052983	0.106943	0.055751	0.037021	0.028419	0.052134	0.056379	0.034478	0.037496	0.047401	0.094309	0.055883	0.055882	0.117972	1248464.0	1248464.0
35	0.325737	0.175033	0.174780	0.324450	0.438701	0.137646	0.265469	0.262270	0.119117	0.047233	0.052715	0.106672	0.056687	0.036867	0.029330	0.052150	0.056289	0.034101	0.037348	0.047041	0.094932	0.055273	0.056264	0.117981	1248464.0	1248464.0
36	0.327025	0.173474	0.175657	0.323844	0.440042	0.136132	0.266454	0.262791	0.119661	0.046833	0.052940	0.107591	0.056061	0.036474	0.028389	0.052550	0.056795	0.034212	0.037058	0.047594	0.094493	0.055470	0.055584	0.118297	1248464.0	1248464.0
37	0.327010	0.172988	0.173971	0.326032	0.442468	0.135400	0.265172	0.264457	0.120124	0.047282	0.051909	0.107694	0.055644	0.036775	0.028253	0.052315	0.056370	0.033604	0.036768	0.047228	0.095069	0.055786	0.055596	0.119581	1248464.0	1248464.0
38	0.327208	0.173447	0.172527	0.326818	0.443409	0.134842	0.265176	0.264213	0.120357	0.046726	0.052345	0.107779	0.056092	0.036616	0.028131	0.052607	0.055689	0.033311	0.036784	0.046743	0.095694	0.055412	0.056134	0.119578	1248464.0	1248464.0
39	0.327833	0.172065	0.173395	0.326707	0.443632	0.134852	0.265861	0.264637	0.120598	0.046955	0.052418	0.107862	0.055396	0.036283	0.028385	0.052001	0.056233	0.033572	0.036612	0.046978	0.095182	0.056364	0.055172	0.119990	1248464.0	1248464.0
40	0.327409	0.173174	0.172587	0.326830	0.443436	0.134722	0.264729	0.266129	0.120346	0.047115	0.052050	0.107897	0.055613	0.036694	0.028138	0.052729	0.055974	0.033532	0.036359	0.046722	0.094718	0.056232	0.055406	0.120474	1248464.0	1248464.0
41	0.326652	0.173573	0.171952	0.327823	0.443375	0.134744	0.265103	0.264717	0.120139	0.046728	0.052605	0.107180	0.055937	0.036554	0.028582	0.052501	0.055844	0.033093	0.036515	0.046500	0.095999	0.055604	0.056162	0.120058	1248464.0	1248464.0
42	0.327918	0.171979	0.173864	0.326238	0.442730	0.134742	0.266961	0.262896	0.120241	0.047015	0.053075	0.107587	0.055832	0.036117	0.028169	0.051861	0.056623	0.033434	0.037022	0.046785	0.095412	0.055427	0.055910	0.119491	1248464.0	1248464.0
43	0.328107	0.171993	0.174176	0.325724	0.443008	0.135004	0.266867	0.263767	0.120535	0.047067	0.052754	0.107750	0.055382	0.036458	0.027865	0.052287	0.056674	0.033778	0.036903	0.046821	0.095376	0.055673	0.055328	0.119347	1248464.0	1248464.0
44	0.327967	0.172977	0.172851	0.326206	0.442619	0.135309	0.265732	0.262407	0.120056	0.047102	0.052980	0.107828	0.055889	0.036580	0.028344	0.052163	0.055823	0.033512	0.036873	0.046643	0.096191	0.055121	0.056351	0.118543	1248464.0	1248464.0
45	0.327959	0.172315	0.174548	0.325178	0.441070	0.135806	0.266644	0.262311	0.119548	0.047082	0.053367	0.107962	0.055455	0.036617	0.028306	0.051937	0.056787	0.033942	0.036941	0.046878	0.095564	0.055761	0.055857	0.117996	1248464.0	1248464.0
46	0.327353	0.173401	0.174472	0.324773	0.441356	0.135346	0.265585	0.263553	0.119775	0.047224	0.052324	0.108030	0.055747	0.036738	0.028092	0.052824	0.056847	0.033877	0.036639	0.047110	0.095376	0.055816	0.055406	0.118176	1248464.0	1248464.0
47	0.327744	0.173655	0.172462	0.326139	0.443230	0.134562	0.265435	0.262355	0.119690	0.046641	0.052998	0.108415	0.056411	0.036501	0.028417	0.052327	0.056226	0.033124	0.036521	0.046591	0.096731	0.055133	0.055881	0.118394	1248464.0	1248464.0
48	0.329058	0.171399	0.173816	0.325727	0.444312	0.133639	0.266600	0.262618	0.120450	0.046732	0.052862	0.109015	0.055252	0.036114	0.027712	0.052322	0.056963	0.033488	0.036325	0.047040	0.096009	0.055343	0.055535	0.118839	1248464.0	1248464.0
49	0.328673	0.171677	0.172434	0.327216	0.446271	0.133068	0.264668	0.264815	0.120567	0.046728	0.052067	0.109312	0.055117	0.036474	0.027346	0.052738	0.056070	0.033283	0.035963	0.047117	0.096673	0.055883	0.054940	0.119719	1248464.0	1248464.0
50	0.328428	0.172369	0.170317	0.328887	0.446482	0.132610	0.264281	0.263487	0.120650	0.046626	0.052408	0.108744	0.055981	0.036179	0.027813	0.052396	0.055463	0.032859	0.035760	0.046235	0.097674	0.055497	0.056301	0.119415	1248464.0	1248464.0
51	0.329768	0.171161	0.172281	0.326790	0.446828	0.132573	0.266608	0.262078	0.120997	0.046590	0.052855	0.109326	0.055541	0.035797	0.027559	0.052264	0.056494	0.032954	0.036263	0.046570	0.097356	0.054867	0.055418	0.119150	1248464.0	1248464.0
52	0.330388	0.170208	0.172094	0.327310	0.447570	0.132069	0.265714	0.263069	0.121219	0.047080	0.052441	0.109647	0.054838	0.035863	0.027057	0.052450	0.056042	0.033138	0.036011	0.046902	0.097418	0.055470	0.055137	0.119286	1248464.0	1248464.0
53	0.329518	0.171552	0.170646	0.328285	0.447085	0.132072	0.265702	0.262048	0.121030	0.046576	0.052975	0.108938	0.055845	0.035828	0.027335	0.052543	0.055623	0.032834	0.036075	0.046114	0.098767	0.055326	0.055841	0.118351	1248464.0	1248464.0
54	0.331265	0.170563	0.172226	0.325946	0.446648	0.132605	0.266765	0.260487	0.120889	0.047208	0.053240	0.109928	0.055414	0.035820	0.027388	0.051941	0.056082	0.032843	0.036555	0.046747	0.097750	0.054645	0.055470	0.118082	1248464.0	1248464.0
55	0.330134	0.170516	0.172652	0.326697	0.447165	0.132522	0.265401	0.261879	0.120350	0.047019	0.052601	0.110163	0.054997	0.036376	0.026960	0.052183	0.056363	0.033099	0.036087	0.047103	0.098277	0.054946	0.055101	0.118374	1248464.0	1248464.0
56	0.329987	0.171440	0.170749	0.327824	0.447294	0.131957	0.264588	0.260644	0.119964	0.046695	0.052982	0.110346	0.055951	0.035784	0.027491	0.052214	0.055762	0.032803	0.035879	0.046305	0.099153	0.054816	0.056024	0.117830	1248464.0	1248464.0
57	0.330831	0.170098	0.172377	0.326695	0.446968	0.132063	0.266087	0.260440	0.120328	0.047057	0.053177	0.110268	0.055277	0.035704	0.027029	0.052088	0.056276	0.033024	0.036306	0.046771	0.098367	0.054644	0.055680	0.118004	1248464.0	1248464.0
58	0.330247	0.170429	0.172192	0.327132	0.448007	0.131828	0.264219	0.262432	0.120057	0.046942	0.052332	0.110916	0.054842	0.036023	0.026868	0.052696	0.056034	0.033142	0.035796	0.047221	0.098423	0.055103	0.054996	0.118611	1248464.0	1248464.0
59	0.329355	0.171209	0.169992	0.329444	0.448938	0.131110	0.262923	0.261289	0.119600	0.046580	0.052561	0.110614	0.055823	0.035285	0.027446	0.052655	0.055169	0.032785	0.035594	0.046444	0.100274	0.054899	0.055821	0.118450	1248464.0	1248464.0
60	0.330866	0.169550	0.171421	0.328163	0.449275	0.130428	0.264600	0.260912	0.120050	0.046987	0.052670	0.111158	0.055481	0.035278	0.026531	0.052260	0.056002	0.032742	0.035878	0.046799	0.099532	0.054839	0.055258	0.118535	1248464.0	1248464.0
61	0.331065	0.169846	0.170337	0.328753	0.450704	0.130142	0.263800	0.261883	0.120871	0.046745	0.052392	0.111058	0.055294	0.035570	0.026416	0.052565	0.055157	0.032775	0.035381	0.047024	0.099700	0.054673	0.055305	0.119075	1248464.0	1248464.0
62	0.331021	0.169762	0.169494	0.329723	0.451628	0.129316	0.264033	0.260386	0.120559	0.046528	0.052814	0.111121	0.055966	0.035070	0.026645	0.052082	0.055225	0.032165	0.035436	0.046668	0.100916	0.054203	0.055572	0.119032	1248464.0	1248464.0
63	0.332666	0.167966	0.170466	0.328903	0.453163	0.128959	0.265426	0.259826	0.121222	0.046723	0.052582	0.112139	0.055109	0.034696	0.026310	0.051850	0.056095	0.032426	0.035527	0.046418	0.100540	0.054016	0.055084	0.119263	1248464.0	1248464.0
64	0.332966	0.167861	0.169503	0.329670	0.453677	0.128893	0.264574	0.261181	0.120813	0.046626	0.052722	0.112804	0.054411	0.035124	0.026289	0.052038	0.055769	0.032211	0.035269	0.046254	0.100784	0.054744	0.054867	0.119275	1248464.0	1248464.0
65	0.331777	0.168705	0.169147	0.330371	0.452921	0.128955	0.263850	0.260119	0.120663	0.046599	0.052705	0.111811	0.055283	0.034864	0.026463	0.052094	0.055205	0.032350	0.035278	0.046315	0.101597	0.054310	0.055614	0.118850	1248464.0	1248464.0
66	0.332747	0.168123	0.170059	0.329070	0.452536	0.128781	0.264773	0.259247	0.120601	0.046910	0.053064	0.112171	0.055164	0.034780	0.026374	0.051806	0.055869	0.032389	0.035239	0.046564	0.101261	0.054159	0.055147	0.118502	1248464.0	1248464.0
67	0.332895	0.168238	0.169824	0.329044	0.452831	0.128322	0.264311	0.260579	0.120618	0.047033	0.052515	0.112729	0.054960	0.034948	0.025775	0.052555	0.055764	0.032185	0.035415	0.046460	0.100875	0.054468	0.055092	0.118609	1248464.0	1248464.0
68	0.332217	0.168634	0.168796	0.330353	0.452925	0.128041	0.263516	0.259798	0.120264	0.046574	0.052973	0.112406	0.055532	0.034688	0.026182	0.052231	0.055209	0.032101	0.035070	0.046416	0.101766	0.054390	0.055708	0.118489	1248464.0	1248464.0
69	0.332771	0.167753	0.169934	0.329543	0.453108	0.128019	0.264813	0.259053	0.120765	0.046846	0.053005	0.112154	0.055515	0.034510	0.025953	0.051775	0.055716	0.032230	0.035326	0.046661	0.101706	0.054284	0.055069	0.118483	1248464.0	1248464.0
70	0.333703	0.167871	0.169353	0.329073	0.454293	0.127328	0.264404	0.260184	0.121289	0.046690	0.052773	0.112951	0.055139	0.034784	0.025559	0.052388	0.055514	0.032156	0.034828	0.046855	0.101315	0.054272	0.054747	0.118739	1248464.0	1248464.0
71	0.333257	0.167902	0.167908	0.330933	0.454635	0.126912	0.264634	0.259428	0.121589	0.046489	0.052984	0.112195	0.055471	0.034494	0.025852	0.052085	0.055132	0.031636	0.034929	0.046210	0.102447	0.054445	0.055636	0.118404	1248464.0	1248464.0
72	0.334639	0.167065	0.169402	0.328894	0.454985	0.126877	0.265570	0.258687	0.121900	0.046826	0.052945	0.112968	0.055479	0.034369	0.025358	0.051860	0.055660	0.032084	0.035065	0.046592	0.101655	0.053995	0.054782	0.118462	1248464.0	1248464.0
73	0.334693	0.167275	0.168150	0.329882	0.455660	0.126250	0.264632	0.260127	0.121788	0.046917	0.052836	0.113152	0.055072	0.034352	0.025529	0.052322	0.055287	0.031648	0.034721	0.046493	0.101588	0.054321	0.054841	0.119132	1248464.0	1248464.0
74	0.333736	0.167238	0.167927	0.331099	0.455359	0.127065	0.263995	0.259188	0.121090	0.046710	0.053155	0.112780	0.055127	0.034286	0.025719	0.052106	0.054734	0.032045	0.035015	0.046133	0.102591	0.053898	0.055712	0.118897	1248464.0	1248464.0
75	0.333543	0.166940	0.169601	0.329917	0.454111	0.127603	0.265625	0.258911	0.121115	0.046799	0.053281	0.112347	0.055182	0.034434	0.025662	0.051661	0.055788	0.032067	0.035440	0.046307	0.101988	0.054155	0.055113	0.118661	1248464.0	1248464.0
76	0.334073	0.167455	0.169497	0.328975	0.453311	0.126988	0.264927	0.260243	0.120999	0.047150	0.053100	0.112823	0.055165	0.034644	0.025571	0.052075	0.055884	0.031830	0.034944	0.046840	0.100715	0.054750	0.054737	0.118773	1248464.0	1248464.0
77	0.332762	0.168374	0.168352	0.330512	0.452824	0.127067	0.263746	0.259046	0.120497	0.046765	0.053124	0.112376	0.056081	0.034319	0.025945	0.052029	0.055128	0.031805	0.034997	0.046421	0.101825	0.054573	0.055989	0.118125	1248464.0	1248464.0
78	0.333531	0.167462	0.170056	0.328951	0.452518	0.127407	0.265588	0.258164	0.120513	0.046789	0.053585	0.112644	0.055728	0.034368	0.025659	0.051708	0.056171	0.032062	0.035319	0.046504	0.101417	0.054144	0.055446	0.117945	1248464.0	1248464.0
79	0.333829	0.167362	0.170008	0.328801	0.453322	0.127369	0.265076	0.259750	0.121552	0.046548	0.052859	0.112869	0.055363	0.034651	0.025430	0.051918	0.055539	0.032162	0.035126	0.047181	0.100589	0.054869	0.055031	0.118312	1248464.0	1248464.0
80	0.333043	0.168230	0.168447	0.330280	0.454308	0.127147	0.264480	0.258772	0.121279	0.046512	0.052863	0.112389	0.055849	0.034420	0.025917	0.052044	0.055290	0.031763	0.035047	0.046347	0.102393	0.054062	0.055579	0.118247	1248464.0	1248464.0
81	0.334811	0.166756	0.169407	0.329026	0.455233	0.126483	0.266089	0.258010	0.121908	0.046608	0.053175	0.113121	0.055416	0.034072	0.025625	0.051643	0.055950	0.031729	0.035057	0.046671	0.101752	0.053843	0.054979	0.118452	1248464.0	1248464.0
82	0.335026	0.166252	0.168835	0.329886	0.455219	0.125889	0.265159	0.259855	0.121754	0.046983	0.052955	0.113334	0.055032	0.034082	0.025193	0.051946	0.055740	0.031904	0.034711	0.046481	0.101228	0.054924	0.054831	0.118903	1248464.0	1248464.0
83	0.333754	0.167894	0.167688	0.330664	0.455072	0.126374	0.264397	0.258655	0.121364	0.046475	0.053233	0.112682	0.056033	0.034292	0.025734	0.051835	0.055106	0.031655	0.034693	0.046234	0.102508	0.054010	0.055628	0.118518	1248464.0	1248464.0
84	0.335011	0.166432	0.169288	0.329269	0.454462	0.126280	0.266074	0.258550	0.121477	0.046745	0.053551	0.113238	0.055467	0.034299	0.025108	0.051557	0.055978	0.031805	0.035068	0.046437	0.101416	0.054363	0.055160	0.118331	1248464.0	1248464.0
85	0.334339	0.167212	0.168887	0.329563	0.454168	0.126525	0.264504	0.260248	0.121399	0.047010	0.052726	0.113204	0.055184	0.034566	0.025165	0.052298	0.055488	0.031904	0.034891	0.046604	0.100916	0.054735	0.055262	0.118649	1248464.0	1248464.0
86	0.332987	0.168215	0.168044	0.330754	0.454019	0.126560	0.263596	0.259446	0.120853	0.046648	0.052941	0.112545	0.056099	0.034235	0.025621	0.052259	0.054928	0.031830	0.034874	0.046412	0.102001	0.054332	0.055801	0.118619	1248464.0	1248464.0
87	0.333881	0.167044	0.169238	0.329837	0.453385	0.126793	0.264946	0.259039	0.120881	0.046975	0.053573	0.112453	0.055479	0.034216	0.025566	0.051784	0.055647	0.032166	0.034844	0.046580	0.101388	0.054376	0.055410	0.118663	1248464.0	1248464.0
88	0.333394	0.167733	0.169393	0.329480	0.453584	0.126965	0.263864	0.260519	0.121005	0.047180	0.052404	0.112806	0.055295	0.034663	0.025470	0.052304	0.055628	0.032005	0.034827	0.046933	0.101042	0.054820	0.054887	0.118731	1248464.0	1248464.0
89	0.332970	0.168667	0.167588	0.330774	0.453677	0.126157	0.263464	0.259050	0.120976	0.046697	0.053080	0.112218	0.056404	0.034476	0.025669	0.052118	0.054801	0.031404	0.034607	0.046776	0.102482	0.054453	0.055837	0.118002	1248464.0	1248464.0
90	0.334662	0.167030	0.169194	0.329114	0.453997	0.125743	0.265517	0.258391	0.121737	0.046991	0.053139	0.112796	0.056073	0.034020	0.025117	0.051820	0.055793	0.031757	0.034848	0.046795	0.101293	0.054380	0.055270	0.118171	1248464.0	1248464.0
91	0.334896	0.167149	0.168374	0.329582	0.454545	0.125860	0.264187	0.259285	0.121254	0.047120	0.052915	0.113606	0.055470	0.034591	0.025251	0.051836	0.055569	0.031569	0.034449	0.046787	0.101667	0.054839	0.055058	0.118019	1248464.0	1248464.0
92	0.333959	0.168119	0.167673	0.330248	0.454392	0.126659	0.264009	0.258549	0.121263	0.046958	0.052867	0.112872	0.056122	0.034285	0.025673	0.052039	0.054895	0.031715	0.034985	0.046078	0.102398	0.054365	0.055626	0.117859	1248464.0	1248464.0
93	0.334677	0.167323	0.169151	0.328849	0.453303	0.126399	0.265667	0.258397	0.121368	0.046750	0.053565	0.112993	0.055954	0.034369	0.025495	0.051506	0.055792	0.031594	0.034942	0.046823	0.101055	0.054636	0.055272	0.117886	1248464.0	1248464.0
94	0.334169	0.167349	0.169274	0.329209	0.453463	0.126298	0.264853	0.259254	0.121013	0.047381	0.053107	0.112669	0.055597	0.034304	0.025281	0.052167	0.055802	0.031782	0.034932	0.046757	0.101719	0.054721	0.054706	0.118062	1248464.0	1248464.0
95	0.334131	0.168187	0.168026	0.329655	0.454079	0.126717	0.264458	0.258847	0.121094	0.046826	0.053129	0.113082	0.056022	0.034570	0.025615	0.051980	0.055277	0.031573	0.034958	0.046218	0.101760	0.054154	0.055599	0.118143	1248464.0	1248464.0
96	0.334152	0.167124	0.169302	0.329422	0.453054	0.126311	0.265114	0.257905	0.121257	0.047244	0.053136	0.112515	0.056171	0.034297	0.025392	0.051263	0.055803	0.031704	0.034918	0.046877	0.101465	0.054528	0.055612	0.117817	1248464.0	1248464.0
97	0.334697	0.167773	0.169058	0.328472	0.452798	0.126473	0.264784	0.259751	0.121340	0.047344	0.053104	0.112909	0.055585	0.034542	0.025248	0.052398	0.055432	0.031775	0.034908	0.046943	0.100627	0.054889	0.055034	0.117922	1248464.0	1248464.0
98	0.332984	0.168550	0.168293	0.330172	0.452637	0.126517	0.264125	0.258547	0.120643	0.046664	0.053402	0.112276	0.056385	0.034348	0.025788	0.052030	0.055169	0.031469	0.034913	0.046743	0.101971	0.054423	0.056031	0.117747	1248464.0	1248464.0
99	0.334167	0.166903	0.170133	0.328796	0.452116	0.126756	0.265713	0.257316	0.120898	0.047264	0.053595	0.112411	0.056015	0.034213	0.025403	0.051272	0.056087	0.032006	0.035134	0.046907	0.101414	0.054438	0.055551	0.117393	1248464.0	1248464.0
100	0.334414	0.167921	0.169682	0.327983	0.452889	0.126809	0.265282	0.259180	0.121188	0.047159	0.052975	0.113092	0.055955	0.034637	0.025263	0.052066	0.056034	0.031825	0.035085	0.046739	0.100801	0.054670	0.054704	0.117808	1248464.0	1248464.0
101	0.333978	0.168290	0.168027	0.329704	0.452999	0.126184	0.264193	0.258135	0.121118	0.047002	0.053383	0.112476	0.056464	0.034478	0.025559	0.051788	0.055073	0.031528	0.034619	0.046808	0.101965	0.054428	0.055871	0.117440	1248464.0	1248464.0
102	0.334620	0.167435	0.169432	0.328512	0.452725	0.126502	0.265800	0.258678	0.121303	0.047073	0.053633	0.112611	0.055923	0.034454	0.025417	0.051642	0.055823	0.031590	0.035041	0.046978	0.100911	0.054682	0.055019	0.117900	1248464.0	1248464.0
103	0.333960	0.167799	0.169110	0.329131	0.452783	0.126733	0.264696	0.259297	0.121231	0.047143	0.053130	0.112456	0.055859	0.034647	0.025392	0.051901	0.055387	0.031745	0.034948	0.047030	0.101295	0.054948	0.055087	0.117801	1248464.0	1248464.0
104	0.333773	0.168484	0.168557	0.329187	0.453395	0.126621	0.264716	0.258792	0.121040	0.046771	0.053111	0.112851	0.056447	0.034720	0.025498	0.051819	0.055518	0.031356	0.035047	0.046636	0.101342	0.054090	0.055592	0.118162	1248464.0	1248464.0
105	0.334347	0.166938	0.169248	0.329467	0.452707	0.126637	0.265417	0.258615	0.121105	0.047236	0.053394	0.112612	0.055767	0.034317	0.025475	0.051380	0.055869	0.031797	0.035049	0.046532	0.101143	0.055071	0.055406	0.117848	1248464.0	1248464.0
106	0.333884	0.168421	0.169323	0.328372	0.451760	0.127344	0.264535	0.259875	0.120745	0.047390	0.053189	0.112560	0.055939	0.034991	0.025266	0.052224	0.055455	0.031941	0.035146	0.046781	0.100602	0.054807	0.055111	0.117853	1248464.0	1248464.0
107	0.332742	0.169129	0.168711	0.329418	0.451164	0.127160	0.264020	0.258559	0.120274	0.047095	0.053436	0.111937	0.056563	0.034692	0.025890	0.051983	0.055540	0.031808	0.034770	0.046593	0.101436	0.054366	0.056099	0.117517	1248464.0	1248464.0
108	0.333813	0.167961	0.170196	0.328030	0.450772	0.127408	0.265501	0.258189	0.120539	0.047537	0.053550	0.112187	0.056293	0.034641	0.025591	0.051436	0.056155	0.031920	0.035256	0.046864	0.100512	0.054579	0.055406	0.117533	1248464.0	1248464.0
109	0.333499	0.168677	0.169803	0.328021	0.450945	0.127377	0.264726	0.259585	0.120701	0.047009	0.053290	0.112499	0.056223	0.034808	0.025241	0.052405	0.055545	0.032139	0.035190	0.046929	0.100379	0.055005	0.055270	0.117367	1248464.0	1248464.0
110	0.332848	0.168961	0.168991	0.329200	0.451577	0.127020	0.264530	0.258533	0.120612	0.047103	0.053274	0.111859	0.056636	0.034646	0.025712	0.051967	0.055540	0.031559	0.035103	0.046789	0.101348	0.054162	0.055932	0.117758	1248464.0	1248464.0
111	0.334136	0.167469	0.170022	0.328373	0.451488	0.127324	0.265740	0.258101	0.120993	0.047263	0.053716	0.112164	0.055748	0.034578	0.025594	0.051549	0.055947	0.032067	0.035084	0.046923	0.100685	0.054328	0.055714	0.117645	1248464.0	1248464.0
112	0.333374	0.168237	0.170107	0.328282	0.450968	0.127421	0.264946	0.259851	0.120794	0.047165	0.053059	0.112356	0.055808	0.034938	0.025409	0.052082	0.055993	0.031974	0.035100	0.047040	0.100190	0.055202	0.055262	0.117629	1248464.0	1248464.0
113	0.332784	0.169280	0.168829	0.329107	0.450732	0.127280	0.264598	0.258925	0.120570	0.046910	0.053591	0.111714	0.056613	0.034526	0.025682	0.052459	0.055246	0.031880	0.035191	0.046512	0.101290	0.054781	0.055877	0.117158	1248464.0	1248464.0
114	0.333719	0.168097	0.170341	0.327843	0.450639	0.127388	0.265263	0.258498	0.120410	0.047221	0.053651	0.112437	0.055929	0.034462	0.025627	0.052079	0.055960	0.032056	0.035243	0.047083	0.100495	0.054661	0.055390	0.117296	1248464.0	1248464.0
115	0.332794	0.168400	0.169911	0.328895	0.450924	0.127362	0.264314	0.260289	0.120140	0.047168	0.053316	0.112171	0.055805	0.034996	0.025507	0.052092	0.055962	0.031963	0.034896	0.047089	0.100550	0.055137	0.055145	0.118063	1248464.0	1248464.0
116	0.332457	0.169264	0.168863	0.329415	0.450359	0.127443	0.263702	0.258880	0.120200	0.047226	0.053257	0.111774	0.056748	0.034785	0.025706	0.052025	0.055142	0.031849	0.035103	0.046769	0.101191	0.054875	0.056155	0.117194	1248464.0	1248464.0
117	0.333281	0.168735	0.170221	0.327763	0.450039	0.128087	0.265067	0.258087	0.120298	0.047593	0.053334	0.112056	0.056346	0.034853	0.025715	0.051821	0.055947	0.032031	0.035488	0.046755	0.100679	0.054407	0.055672	0.117005	1248464.0	1248464.0
118	0.333270	0.168884	0.170208	0.327638	0.450186	0.127788	0.264392	0.259371	0.120300	0.047444	0.053285	0.112241	0.056191	0.034958	0.025273	0.052462	0.055700	0.032451	0.035106	0.046950	0.100472	0.054778	0.055215	0.117173	1248464.0	1248464.0
119	0.332664	0.169631	0.168880	0.328826	0.450475	0.127911	0.263875	0.259138	0.120344	0.046995	0.053499	0.111826	0.056416	0.034961	0.025812	0.052442	0.054950	0.032055	0.035082	0.046792	0.101252	0.054682	0.055838	0.117053	1248464.0	1248464.0
120	0.332962	0.168694	0.170232	0.328113	0.449609	0.127512	0.264585	0.259044	0.119718	0.047746	0.053505	0.111993	0.056497	0.034663	0.025461	0.052072	0.055952	0.031978	0.035410	0.046892	0.100267	0.054678	0.055537	0.117631	1248464.0	1248464.0
121	0.332435	0.169065	0.169913	0.328588	0.450057	0.127902	0.263521	0.260659	0.120056	0.047504	0.052852	0.112022	0.055958	0.035114	0.025538	0.052455	0.055598	0.032236	0.035014	0.047064	0.100363	0.055476	0.055133	0.117615	1248464.0	1248464.0
122	0.331976	0.170330	0.168537	0.329156	0.450542	0.128004	0.263301	0.259902	0.119790	0.046945	0.053241	0.112001	0.056871	0.035086	0.026042	0.052331	0.055092	0.031697	0.035179	0.046569	0.101116	0.054850	0.055555	0.117635	1248464.0	1248464.0
123	0.332869	0.168578	0.170017	0.328536	0.449851	0.127733	0.264848	0.259334	0.120221	0.047346	0.053398	0.111904	0.056143	0.034760	0.025621	0.052054	0.055690	0.031813	0.035539	0.046975	0.100234	0.055027	0.055782	0.117493	1248464.0	1248464.0
124	0.332288	0.168946	0.170341	0.328426	0.449532	0.127812	0.263763	0.260363	0.119801	0.047366	0.053009	0.112111	0.056085	0.034800	0.025487	0.052573	0.055623	0.032194	0.035331	0.047193	0.100096	0.055465	0.055341	0.117524	1248464.0	1248464.0
125	0.331604	0.169825	0.169168	0.329402	0.449439	0.127924	0.262962	0.260214	0.119501	0.047365	0.053365	0.111374	0.056275	0.034877	0.025822	0.052851	0.055125	0.032255	0.034970	0.046818	0.100898	0.054819	0.056018	0.117666	1248464.0	1248464.0
126	0.331800	0.169316	0.170176	0.328709	0.449219	0.127996	0.263683	0.260044	0.119275	0.047362	0.053339	0.111824	0.056131	0.034975	0.025623	0.052586	0.055941	0.032268	0.035129	0.046838	0.100421	0.054783	0.055805	0.117700	1248464.0	1248464.0
127	0.331768	0.169389	0.169896	0.328947	0.449588	0.127904	0.263133	0.260849	0.119625	0.047448	0.052884	0.111811	0.056248	0.035182	0.025497	0.052463	0.055715	0.032316	0.034909	0.046956	0.100341	0.055394	0.055402	0.117811	1248464.0	1248464.0
128	0.331928	0.170339	0.168692	0.329041	0.449736	0.128522	0.262910	0.259943	0.119641	0.047209	0.053378	0.111700	0.056556	0.035185	0.026078	0.052520	0.054766	0.032133	0.035126	0.046668	0.101089	0.054933	0.055713	0.117306	1248464.0	1248464.0
