Offset	A	C	G	T	A/T	C/G	A/G	C/T	AA	AC	AG	AT	CA	CC	CG	CT	GA	GC	GG	GT	TA	TC	TG	TT	N	NN
-50	0.405044	0.094343	0.095777	0.404836	0.693739	0.073079	0.236024	0.236707	0.150847	0.027114	0.029940	0.197142	0.027436	0.024147	0.011896	0.030863	0.031320	0.013119	0.023917	0.027421	0.195238	0.031185	0.027901	0.150511	9833662.0	9833662.0
-49	0.404841	0.095566	0.093654	0.405939	0.695823	0.071314	0.235145	0.233854	0.148723	0.026183	0.031547	0.198389	0.028498	0.023385	0.012606	0.031077	0.031701	0.012149	0.023174	0.026630	0.199323	0.030003	0.027224	0.149388	9833662.0	9833662.0
-48	0.408246	0.091720	0.094550	0.405484	0.694547	0.072133	0.236685	0.231455	0.149400	0.028055	0.032470	0.198321	0.026410	0.023446	0.012519	0.029345	0.031272	0.012626	0.023542	0.027110	0.198540	0.030379	0.028280	0.148286	9833662.0	9833662.0
-47	0.405623	0.094506	0.096811	0.403061	0.692906	0.072835	0.236721	0.236041	0.150480	0.026892	0.030737	0.197513	0.027332	0.023526	0.012316	0.031332	0.031684	0.013175	0.023818	0.028132	0.194858	0.031129	0.027020	0.150054	9833662.0	9833662.0
-46	0.404355	0.094722	0.093891	0.407031	0.694406	0.070651	0.234786	0.233590	0.149679	0.026856	0.031059	0.196761	0.028372	0.022640	0.012962	0.030748	0.030986	0.011988	0.023061	0.027856	0.198564	0.030800	0.028265	0.149402	9833662.0	9833662.0
-45	0.407601	0.092284	0.095348	0.404767	0.691679	0.069320	0.235099	0.231807	0.148349	0.028766	0.032319	0.198168	0.027840	0.021868	0.012749	0.029827	0.032155	0.012426	0.022276	0.028491	0.195896	0.030846	0.028759	0.149265	9833662.0	9833662.0
-44	0.404240	0.093906	0.096103	0.405751	0.693467	0.069965	0.232696	0.235148	0.148202	0.027726	0.030023	0.198289	0.027546	0.023499	0.011584	0.031277	0.031850	0.012262	0.022620	0.029369	0.197359	0.030755	0.028020	0.149617	9833662.0	9833662.0
-43	0.404958	0.094241	0.092247	0.408553	0.696946	0.067523	0.233687	0.232864	0.149148	0.026763	0.031549	0.197498	0.028723	0.021837	0.012375	0.031307	0.031265	0.011587	0.021725	0.027671	0.200970	0.030391	0.027862	0.149330	9833662.0	9833662.0
-42	0.410106	0.090577	0.093511	0.405806	0.695415	0.069802	0.237763	0.229440	0.149586	0.028750	0.033196	0.198574	0.026691	0.022846	0.011537	0.029504	0.031192	0.011631	0.023789	0.026900	0.200581	0.030416	0.028134	0.146675	9833662.0	9833662.0
-41	0.408050	0.093642	0.096656	0.401652	0.691867	0.070813	0.239183	0.233282	0.150813	0.027765	0.032565	0.196907	0.027772	0.023318	0.011572	0.030981	0.032074	0.012192	0.023731	0.028659	0.195296	0.030133	0.027373	0.148851	9833662.0	9833662.0
-40	0.405955	0.093407	0.095241	0.405397	0.691407	0.068531	0.235771	0.233362	0.147861	0.028558	0.033079	0.196457	0.028215	0.022339	0.011891	0.030962	0.032345	0.011815	0.022485	0.028595	0.196878	0.029849	0.028459	0.150212	9833662.0	9833662.0
-39	0.405298	0.092562	0.095915	0.406225	0.689423	0.070414	0.236268	0.235559	0.146374	0.029156	0.033376	0.196392	0.027537	0.022763	0.012127	0.030135	0.032824	0.011831	0.023694	0.027566	0.194989	0.030994	0.028575	0.151668	9833662.0	9833662.0
-38	0.401725	0.094743	0.097771	0.405761	0.689278	0.072468	0.231719	0.239427	0.144384	0.028161	0.031490	0.197690	0.028129	0.023911	0.011501	0.031202	0.032036	0.013247	0.023809	0.028679	0.194532	0.031641	0.026915	0.152673	9833662.0	9833662.0
-37	0.399081	0.096960	0.093716	0.410244	0.690460	0.070375	0.228785	0.238594	0.142009	0.026570	0.032839	0.197663	0.028668	0.024368	0.011567	0.032356	0.031227	0.011729	0.022711	0.028050	0.199635	0.030717	0.028739	0.151153	9833662.0	9833662.0
-36	0.401538	0.093383	0.095856	0.409222	0.688047	0.070619	0.233245	0.237610	0.144684	0.029315	0.032523	0.195016	0.027220	0.022596	0.012135	0.031432	0.032551	0.012401	0.023487	0.027417	0.196043	0.031278	0.029598	0.152304	9833662.0	9833662.0
-35	0.400498	0.095590	0.097743	0.406169	0.687160	0.072691	0.233934	0.238418	0.145334	0.028251	0.031546	0.195367	0.028301	0.023672	0.011644	0.031972	0.032381	0.012701	0.024674	0.027987	0.194899	0.031213	0.028496	0.151561	9833662.0	9833662.0
-34	0.400915	0.095838	0.096360	0.406887	0.688873	0.069581	0.233762	0.236073	0.144794	0.027786	0.032521	0.195814	0.028464	0.022632	0.011982	0.032760	0.032715	0.011235	0.023732	0.028677	0.198214	0.030630	0.027992	0.150051	9833662.0	9833662.0
-33	0.404188	0.092283	0.096226	0.407303	0.689514	0.070242	0.236752	0.235480	0.146407	0.027981	0.033402	0.196397	0.027044	0.023091	0.011226	0.030923	0.032980	0.011964	0.023962	0.027320	0.196144	0.030900	0.029693	0.150566	9833662.0	9833662.0
-32	0.402575	0.093935	0.098284	0.405206	0.687572	0.070915	0.236632	0.238053	0.147653	0.028076	0.031976	0.194870	0.027805	0.023647	0.011551	0.030932	0.033131	0.011845	0.023872	0.029436	0.193890	0.032315	0.027841	0.151159	9833662.0	9833662.0
-31	0.402480	0.095883	0.095240	0.406397	0.688785	0.067830	0.236587	0.234456	0.147198	0.027960	0.033438	0.193883	0.029730	0.022856	0.011347	0.031950	0.033100	0.010776	0.022851	0.028514	0.198420	0.030367	0.028326	0.149284	9833662.0	9833662.0
-30	0.408448	0.091959	0.095963	0.403631	0.688073	0.067845	0.241472	0.233678	0.148933	0.028562	0.034956	0.195997	0.026922	0.022672	0.010908	0.031457	0.034235	0.010917	0.023348	0.027463	0.194773	0.031179	0.029309	0.148370	9833662.0	9833662.0
-29	0.404862	0.093329	0.098521	0.403287	0.686889	0.068111	0.238937	0.234050	0.148301	0.027846	0.033236	0.195479	0.028501	0.022474	0.010815	0.031539	0.034160	0.011583	0.023240	0.029539	0.193881	0.030809	0.029369	0.149228	9833662.0	9833662.0
-28	0.404843	0.092711	0.096661	0.405785	0.689538	0.065997	0.239353	0.229795	0.149681	0.027913	0.033670	0.193579	0.028857	0.021577	0.010999	0.031278	0.034007	0.011426	0.021995	0.029233	0.199207	0.029868	0.029639	0.147072	9833662.0	9833662.0
-27	0.411751	0.090784	0.096303	0.401162	0.689597	0.065512	0.242953	0.228767	0.152268	0.028595	0.035168	0.195720	0.027595	0.021868	0.010939	0.030382	0.034212	0.011400	0.021305	0.029386	0.195076	0.029984	0.029568	0.146533	9833662.0	9833662.0
-26	0.409151	0.091847	0.096980	0.402022	0.690613	0.066998	0.238126	0.231953	0.148692	0.027698	0.033332	0.199429	0.027476	0.022221	0.011077	0.031073	0.033905	0.011502	0.022197	0.029376	0.194410	0.030578	0.028952	0.148081	9833662.0	9833662.0
-25	0.404483	0.092000	0.095559	0.407959	0.693627	0.064437	0.235707	0.230852	0.147465	0.026926	0.033101	0.196992	0.028372	0.021033	0.010738	0.031857	0.033315	0.010841	0.021826	0.029577	0.200480	0.029272	0.029516	0.148691	9833662.0	9833662.0
-24	0.409632	0.088070	0.095181	0.407117	0.694928	0.064181	0.240829	0.227592	0.152170	0.028749	0.033995	0.194717	0.027210	0.020557	0.010370	0.029933	0.032781	0.011372	0.021882	0.029146	0.199780	0.028841	0.030235	0.148260	9833662.0	9833662.0
-23	0.411941	0.089519	0.096482	0.402057	0.696401	0.065417	0.239743	0.231300	0.151818	0.027420	0.032311	0.200393	0.027408	0.021078	0.010812	0.030221	0.034112	0.012024	0.021503	0.028843	0.193420	0.029231	0.028637	0.150770	9833662.0	9833662.0
-22	0.406758	0.089753	0.093262	0.410227	0.699294	0.062102	0.237886	0.231060	0.151025	0.026845	0.032595	0.196293	0.028880	0.020188	0.010250	0.030435	0.033438	0.010835	0.020828	0.028161	0.200885	0.029347	0.028905	0.151090	9833662.0	9833662.0
-21	0.414228	0.087215	0.092578	0.405979	0.698737	0.062988	0.243137	0.228574	0.153411	0.027210	0.034777	0.198830	0.027248	0.020368	0.009787	0.029812	0.032886	0.010769	0.022064	0.026859	0.198224	0.030122	0.029361	0.148271	9833662.0	9833662.0
-20	0.411769	0.088470	0.095989	0.403773	0.697183	0.063676	0.239131	0.232370	0.150251	0.028328	0.032686	0.200504	0.027576	0.020576	0.009469	0.030848	0.033895	0.011331	0.022299	0.028464	0.194989	0.029507	0.027838	0.151438	9833662.0	9833662.0
-19	0.406712	0.089743	0.092291	0.411254	0.700423	0.062346	0.235512	0.231359	0.148357	0.026062	0.032736	0.199557	0.027822	0.019930	0.009877	0.032114	0.032369	0.010490	0.022049	0.027384	0.202306	0.029111	0.029634	0.150203	9833662.0	9833662.0
-18	0.410854	0.085593	0.094296	0.409257	0.697049	0.063388	0.237669	0.230319	0.148633	0.027623	0.034161	0.200437	0.026202	0.019952	0.009504	0.029935	0.032282	0.011339	0.022593	0.028082	0.198397	0.030849	0.030429	0.149582	9833662.0	9833662.0
-17	0.405514	0.089763	0.096687	0.408037	0.694161	0.063768	0.237265	0.234669	0.148346	0.026048	0.032202	0.198917	0.028139	0.020543	0.009268	0.031813	0.034071	0.011311	0.022646	0.028659	0.195533	0.030948	0.030192	0.151364	9833662.0	9833662.0
-16	0.406089	0.088850	0.094308	0.410753	0.697908	0.061147	0.236887	0.227290	0.148386	0.027258	0.032603	0.197842	0.029495	0.018899	0.009991	0.030466	0.033702	0.010060	0.022197	0.028349	0.202972	0.029218	0.029855	0.148708	9833662.0	9833662.0
-15	0.414554	0.085436	0.094646	0.405364	0.697941	0.060977	0.245828	0.224865	0.154138	0.028174	0.034984	0.197258	0.027765	0.019447	0.009757	0.028466	0.035069	0.010137	0.021636	0.027804	0.198700	0.029107	0.029713	0.147845	9833662.0	9833662.0
-14	0.415673	0.086865	0.096089	0.401372	0.698052	0.060763	0.239167	0.227387	0.150606	0.028095	0.033223	0.203749	0.029061	0.020276	0.008358	0.029169	0.034369	0.011159	0.020969	0.029592	0.196374	0.030618	0.027056	0.147324	9833662.0	9833662.0
-13	0.410410	0.090150	0.089607	0.409834	0.703661	0.058303	0.234172	0.227738	0.150609	0.027269	0.031639	0.200892	0.029922	0.019287	0.008778	0.032163	0.032088	0.010402	0.019836	0.027281	0.205737	0.029865	0.027809	0.146423	9833662.0	9833662.0
-12	0.418355	0.086824	0.088063	0.406759	0.704692	0.059846	0.238568	0.225944	0.153520	0.027966	0.032977	0.203891	0.027986	0.020067	0.008723	0.030048	0.031337	0.010321	0.020734	0.025670	0.201604	0.030151	0.029327	0.145677	9833662.0	9833662.0
-11	0.414446	0.088506	0.091761	0.405287	0.704612	0.062997	0.238631	0.229366	0.154514	0.026748	0.031284	0.201901	0.028032	0.020948	0.008912	0.030614	0.030976	0.011279	0.021858	0.027648	0.200152	0.029758	0.027331	0.148045	9833662.0	9833662.0
-10	0.413674	0.088732	0.089385	0.408209	0.705044	0.059815	0.231615	0.229904	0.148951	0.027251	0.031643	0.205829	0.027935	0.020280	0.009430	0.031087	0.030891	0.009974	0.020130	0.028390	0.201719	0.029992	0.027953	0.148545	9833662.0	9833662.0
-9	0.409495	0.087497	0.089157	0.413850	0.702907	0.061455	0.224711	0.236098	0.142935	0.027994	0.031696	0.206871	0.025547	0.021198	0.009563	0.031190	0.030192	0.010806	0.019889	0.028270	0.199341	0.029951	0.030799	0.153759	9833662.0	9833662.0
-8	0.398015	0.089948	0.091947	0.420090	0.705407	0.059184	0.218067	0.240490	0.140601	0.026043	0.027655	0.203715	0.026235	0.021289	0.008229	0.034194	0.031169	0.011025	0.018641	0.031112	0.207071	0.030986	0.028013	0.154020	9833662.0	9833662.0
-7	0.405076	0.089343	0.082539	0.423041	0.714223	0.053566	0.226036	0.227813	0.149223	0.025534	0.030014	0.200305	0.029417	0.018533	0.008509	0.032885	0.029812	0.009537	0.016987	0.026203	0.219188	0.030889	0.027458	0.145507	9833662.0	9833662.0
-6	0.427640	0.084493	0.082968	0.404899	0.713579	0.057062	0.233335	0.230807	0.153829	0.030241	0.032287	0.211283	0.025490	0.020746	0.008186	0.030071	0.029395	0.010307	0.017824	0.025442	0.198646	0.030170	0.026262	0.149821	9833662.0	9833662.0
-5	0.407360	0.091464	0.084559	0.416617	0.702164	0.060253	0.211047	0.242923	0.135302	0.032379	0.030215	0.209464	0.027837	0.022834	0.008588	0.032204	0.028058	0.011360	0.017471	0.027670	0.203034	0.033521	0.025698	0.154364	9833662.0	9833662.0
-4	0.394232	0.100093	0.081973	0.423702	0.705637	0.054743	0.210386	0.226607	0.136571	0.027061	0.030178	0.200422	0.036147	0.020136	0.009051	0.034759	0.028510	0.010430	0.015127	0.027906	0.226001	0.029068	0.025991	0.142643	9833662.0	9833662.0
-3	0.427229	0.086695	0.080345	0.405731	0.725981	0.050159	0.251935	0.198248	0.181349	0.024503	0.026237	0.195141	0.027764	0.018102	0.008216	0.032613	0.030121	0.009612	0.014228	0.026384	0.232784	0.030825	0.025413	0.116708	9833662.0	9833662.0
-2	0.472017	0.083042	0.074096	0.370846	0.787101	0.028825	0.127552	0.265145	0.088860	0.016082	0.014049	0.353026	0.019591	0.011006	0.003465	0.048980	0.016972	0.006683	0.007672	0.042770	0.156184	0.016128	0.009502	0.189032	9833662.0	9833662.0
-1	0.281607	0.049898	0.034688	0.633807	0.864700	0.022367	0.139948	0.296288	0.106015	0.007094	0.013269	0.155230	0.016023	0.006872	0.005214	0.021790	0.012930	0.002546	0.007734	0.011478	0.351074	0.015246	0.015106	0.252381	9833662.0	9833662.0
0	0.486042	0.031757	0.041323	0.440878	0.747956	0.030375	0.252536	0.165732	0.155047	0.031124	0.071192	0.228679	0.009139	0.008554	0.004946	0.009118	0.013496	0.004074	0.012801	0.010952	0.245860	0.029689	0.046959	0.118371	9833662.0	9833662.0
1	0.423542	0.073441	0.135898	0.367120	0.662216	0.075407	0.262805	0.182385	0.144606	0.029266	0.040074	0.209596	0.021066	0.015081	0.010382	0.026911	0.044261	0.016080	0.033864	0.041692	0.195033	0.027412	0.031694	0.112980	9833662.0	9833662.0
2	0.404966	0.087839	0.116014	0.391180	0.654964	0.072598	0.258881	0.217524	0.149897	0.031517	0.041276	0.182276	0.027550	0.016774	0.011597	0.031918	0.036529	0.013048	0.031179	0.035258	0.188615	0.034656	0.033733	0.134176	9833662.0	9833662.0
3	0.402591	0.095995	0.117786	0.383629	0.650990	0.074642	0.253497	0.233706	0.152863	0.032166	0.034270	0.183292	0.028395	0.022017	0.010228	0.035355	0.038473	0.014506	0.027891	0.036916	0.178134	0.039633	0.029161	0.136701	9833662.0	9833662.0
4	0.397864	0.108323	0.101550	0.392263	0.645993	0.076830	0.250783	0.251666	0.158117	0.033384	0.034985	0.171378	0.031211	0.027952	0.011674	0.037485	0.032901	0.012424	0.024780	0.031445	0.178182	0.047913	0.027852	0.138316	9833662.0	9833662.0
5	0.400411	0.121674	0.099292	0.378624	0.643993	0.079350	0.252867	0.246962	0.155849	0.030433	0.037215	0.176915	0.035118	0.028902	0.013528	0.044125	0.034225	0.011342	0.025578	0.028146	0.175188	0.037892	0.029502	0.136042	9833662.0	9833662.0
6	0.400380	0.108569	0.105823	0.385228	0.646442	0.081254	0.264306	0.234293	0.161001	0.032284	0.039225	0.167871	0.032784	0.027492	0.012783	0.035510	0.036498	0.013396	0.027583	0.028346	0.184581	0.038301	0.029356	0.132990	9833662.0	9833662.0
7	0.414863	0.111473	0.108947	0.364717	0.641393	0.088512	0.266011	0.233648	0.162408	0.033021	0.037599	0.181836	0.033126	0.029180	0.014517	0.034650	0.034708	0.013519	0.031296	0.029423	0.165754	0.038423	0.029145	0.131395	9833662.0	9833662.0
8	0.395996	0.114143	0.112557	0.377304	0.629251	0.089970	0.255645	0.245803	0.149286	0.033004	0.038733	0.174972	0.033536	0.029000	0.014180	0.037427	0.034613	0.013777	0.033013	0.031154	0.163946	0.038330	0.033982	0.141046	9833662.0	9833662.0
9	0.381382	0.114111	0.119907	0.384599	0.616027	0.093396	0.250681	0.249323	0.142076	0.033000	0.039053	0.167252	0.032487	0.028439	0.016328	0.036857	0.037475	0.016553	0.032076	0.033803	0.162383	0.039712	0.038189	0.144316	9833662.0	9833662.0
10	0.374421	0.117704	0.125647	0.382228	0.613602	0.097883	0.247846	0.255271	0.140931	0.031780	0.035773	0.165938	0.032606	0.033010	0.013790	0.038297	0.037202	0.017144	0.033939	0.037361	0.164181	0.041411	0.034084	0.142553	9833662.0	9833662.0
11	0.374920	0.123344	0.117586	0.384149	0.611853	0.097119	0.244826	0.256119	0.141531	0.031925	0.036348	0.165117	0.033845	0.034232	0.015763	0.039504	0.034860	0.015037	0.032087	0.035602	0.165715	0.042892	0.036052	0.139490	9833662.0	9833662.0
12	0.375952	0.124086	0.120249	0.379713	0.603241	0.102946	0.242405	0.252994	0.135936	0.034284	0.037052	0.168679	0.031118	0.034070	0.019328	0.039571	0.035883	0.016014	0.033535	0.034818	0.161201	0.041928	0.039159	0.137426	9833662.0	9833662.0
13	0.364138	0.126296	0.129073	0.380493	0.595720	0.110619	0.250344	0.256239	0.136617	0.031462	0.036474	0.159585	0.032298	0.036308	0.017711	0.039980	0.037511	0.016858	0.039743	0.034961	0.162931	0.043365	0.037611	0.136587	9833662.0	9833662.0
14	0.369357	0.127992	0.131538	0.371113	0.592174	0.112371	0.256954	0.248227	0.140429	0.031326	0.039001	0.158601	0.034528	0.034169	0.019715	0.039580	0.038272	0.019236	0.039252	0.034778	0.160578	0.041911	0.036058	0.132566	9833662.0	9833662.0
15	0.373807	0.126642	0.134025	0.365526	0.587452	0.111258	0.264433	0.240328	0.141698	0.032435	0.041510	0.158164	0.034143	0.033254	0.020264	0.038981	0.039942	0.016458	0.041282	0.036342	0.160539	0.041043	0.036893	0.127051	9833662.0	9833662.0
16	0.376323	0.123190	0.139949	0.360538	0.581270	0.112750	0.264251	0.238352	0.139035	0.033858	0.042640	0.160790	0.034576	0.033103	0.018935	0.036576	0.041246	0.019382	0.041330	0.037991	0.154807	0.042034	0.037058	0.126638	9833662.0	9833662.0
17	0.369664	0.128378	0.139963	0.361996	0.579946	0.114375	0.261400	0.238804	0.134661	0.033647	0.042677	0.158679	0.034189	0.033754	0.020991	0.039444	0.042790	0.018358	0.041273	0.037543	0.161001	0.040001	0.035389	0.125605	9833662.0	9833662.0
18	0.372640	0.125759	0.140330	0.361272	0.581982	0.117757	0.264987	0.237403	0.139669	0.033228	0.041480	0.158263	0.032531	0.035638	0.021431	0.036159	0.042786	0.019637	0.041052	0.036855	0.159734	0.041291	0.035931	0.124316	9833662.0	9833662.0
19	0.374721	0.129792	0.139894	0.355593	0.586564	0.118677	0.262433	0.241174	0.140007	0.033891	0.037699	0.163124	0.033871	0.036783	0.020540	0.038598	0.041738	0.018365	0.042989	0.036802	0.157359	0.039720	0.032440	0.126073	9833662.0	9833662.0
20	0.372976	0.128758	0.133668	0.364597	0.590567	0.113782	0.258780	0.242632	0.140074	0.034559	0.037917	0.160427	0.034044	0.034168	0.021035	0.039511	0.039446	0.017236	0.041343	0.035642	0.162755	0.041643	0.032889	0.127311	9833662.0	9833662.0
21	0.376319	0.127606	0.133184	0.362891	0.588739	0.113332	0.258519	0.246110	0.138931	0.037368	0.037804	0.162215	0.032444	0.036324	0.020310	0.038528	0.042585	0.017500	0.039198	0.033901	0.158800	0.042466	0.032833	0.128793	9833662.0	9833662.0
22	0.372760	0.133657	0.130146	0.363437	0.586849	0.115540	0.253903	0.252404	0.138682	0.035798	0.038554	0.159726	0.034176	0.038964	0.020400	0.040117	0.038974	0.018482	0.037694	0.034996	0.158044	0.042926	0.032070	0.130397	9833662.0	9833662.0
23	0.369876	0.136171	0.128717	0.365235	0.586516	0.114205	0.250260	0.252404	0.136515	0.036249	0.038838	0.158274	0.035331	0.037561	0.020340	0.042939	0.038030	0.019427	0.036877	0.034383	0.161645	0.041823	0.031686	0.130081	9833662.0	9833662.0
24	0.371522	0.135061	0.127741	0.365677	0.584143	0.115118	0.253088	0.254966	0.138587	0.038082	0.038970	0.155883	0.034289	0.040367	0.020496	0.039908	0.038852	0.017576	0.036679	0.034633	0.158010	0.043027	0.032976	0.131663	9833662.0	9833662.0
25	0.369739	0.139053	0.129120	0.362088	0.579518	0.118193	0.250186	0.259160	0.135598	0.036816	0.037692	0.159633	0.035481	0.041319	0.021774	0.040479	0.039489	0.017693	0.037407	0.034531	0.150658	0.043732	0.034068	0.133629	9833662.0	9833662.0
26	0.361226	0.139560	0.130941	0.368273	0.576535	0.117731	0.250171	0.260748	0.131905	0.035973	0.038912	0.154436	0.036649	0.041147	0.020982	0.040782	0.040600	0.016847	0.038755	0.034739	0.154894	0.043519	0.034560	0.135300	9833662.0	9833662.0
27	0.364048	0.137486	0.133208	0.365257	0.571749	0.118476	0.254665	0.256432	0.132474	0.036395	0.041430	0.153749	0.035297	0.039468	0.023019	0.039702	0.042396	0.017623	0.038365	0.034824	0.151629	0.043366	0.036365	0.133896	9833662.0	9833662.0
28	0.361796	0.136853	0.139180	0.362171	0.570672	0.121100	0.255408	0.260300	0.132471	0.035800	0.038963	0.154562	0.035565	0.040067	0.021244	0.039977	0.042959	0.018774	0.041016	0.036432	0.148018	0.044635	0.033897	0.135621	9833662.0	9833662.0
29	0.359012	0.139276	0.135120	0.366592	0.571140	0.120173	0.253564	0.260483	0.131049	0.035920	0.039936	0.152108	0.036394	0.040543	0.021234	0.041105	0.041479	0.017295	0.041100	0.035245	0.152371	0.043222	0.035385	0.135613	9833662.0	9833662.0
30	0.361293	0.136981	0.137655	0.364070	0.567797	0.123791	0.254529	0.259773	0.130410	0.037116	0.040364	0.153403	0.033780	0.042377	0.021392	0.039433	0.041844	0.018111	0.041912	0.035789	0.149068	0.043047	0.037038	0.134916	9833662.0	9833662.0
31	0.355102	0.140651	0.140706	0.363541	0.564063	0.126541	0.251036	0.261833	0.128444	0.036525	0.038559	0.151573	0.035840	0.043690	0.021657	0.039464	0.042340	0.019502	0.041692	0.037172	0.148819	0.043453	0.036043	0.135226	9833662.0	9833662.0
32	0.355443	0.143170	0.137952	0.363435	0.563750	0.125434	0.249939	0.260655	0.126635	0.034989	0.040901	0.152918	0.036460	0.043484	0.022250	0.040975	0.041122	0.018419	0.041281	0.037130	0.151512	0.043512	0.035727	0.132684	9833662.0	9833662.0
33	0.355730	0.140404	0.140159	0.363707	0.562380	0.129492	0.254529	0.257289	0.127144	0.035951	0.042411	0.150225	0.033079	0.042279	0.025149	0.039897	0.041863	0.018952	0.043112	0.036232	0.152416	0.042517	0.036178	0.132596	9833662.0	9833662.0
34	0.354502	0.139699	0.146850	0.358949	0.559357	0.129610	0.257261	0.258140	0.128770	0.035415	0.040404	0.149913	0.034360	0.042889	0.022511	0.039939	0.044515	0.020639	0.043571	0.038125	0.148650	0.043288	0.034987	0.132024	9833662.0	9833662.0
35	0.356296	0.142231	0.141473	0.360000	0.564690	0.125249	0.258787	0.251202	0.130467	0.033541	0.041851	0.150438	0.037111	0.040124	0.024087	0.040908	0.044047	0.018615	0.042422	0.036388	0.154379	0.040762	0.035452	0.129407	9833662.0	9833662.0
36	0.366004	0.133043	0.143812	0.357141	0.566252	0.124968	0.264992	0.245466	0.134849	0.036517	0.042724	0.151914	0.033334	0.040278	0.022003	0.037428	0.044208	0.019476	0.043211	0.036916	0.152751	0.041022	0.036630	0.126739	9833662.0	9833662.0
37	0.365143	0.137293	0.144567	0.352997	0.563149	0.128080	0.265097	0.248439	0.133673	0.035092	0.044285	0.152093	0.034358	0.042421	0.022700	0.037813	0.044222	0.020042	0.042917	0.037387	0.150300	0.041122	0.034492	0.127083	9833662.0	9833662.0
38	0.362553	0.138676	0.144394	0.354376	0.566410	0.125182	0.260677	0.246802	0.132683	0.035656	0.041254	0.152961	0.035389	0.042612	0.021539	0.039137	0.044300	0.018592	0.042440	0.039063	0.155446	0.039733	0.033878	0.125320	9833662.0	9833662.0
39	0.367818	0.136592	0.139109	0.356480	0.571051	0.121804	0.262207	0.248632	0.135362	0.036603	0.041762	0.154091	0.034620	0.041708	0.021532	0.038733	0.045013	0.018494	0.040070	0.035533	0.154657	0.041251	0.033632	0.126941	9833662.0	9833662.0
40	0.369652	0.138056	0.136996	0.355297	0.576511	0.123364	0.259608	0.250460	0.135524	0.036642	0.040540	0.156946	0.034100	0.043281	0.021689	0.038986	0.043666	0.018516	0.039879	0.034935	0.155360	0.039512	0.031745	0.128681	9833662.0	9833662.0
41	0.368649	0.137950	0.133852	0.359549	0.581653	0.117543	0.256812	0.248666	0.136380	0.035851	0.038835	0.157584	0.035158	0.039991	0.021977	0.040824	0.043542	0.017520	0.038055	0.034735	0.158620	0.038782	0.033077	0.129070	9833662.0	9833662.0
42	0.373699	0.132143	0.131944	0.362213	0.585438	0.114457	0.258785	0.249397	0.138361	0.036642	0.040218	0.158478	0.033667	0.039813	0.020569	0.038095	0.043380	0.017250	0.036826	0.034489	0.156981	0.039871	0.033742	0.131618	9833662.0	9833662.0
43	0.372388	0.133576	0.131355	0.362680	0.586469	0.113761	0.254341	0.250743	0.136050	0.035944	0.038768	0.161626	0.034393	0.039164	0.020588	0.039431	0.043056	0.017542	0.036467	0.034290	0.157514	0.040868	0.033019	0.131279	9833662.0	9833662.0
44	0.371013	0.133518	0.128842	0.366626	0.592000	0.110765	0.251882	0.250111	0.134586	0.034806	0.039278	0.162343	0.036104	0.037126	0.020433	0.039855	0.041822	0.017009	0.036197	0.033815	0.161194	0.039253	0.032303	0.133877	9833662.0	9833662.0
45	0.373705	0.128194	0.128211	0.369890	0.591397	0.110114	0.253891	0.251416	0.135018	0.035847	0.041240	0.161601	0.034303	0.036488	0.019895	0.037507	0.040632	0.016729	0.037001	0.033849	0.158495	0.041137	0.033975	0.136283	9833662.0	9833662.0
46	0.368448	0.130202	0.132111	0.369240	0.591553	0.111620	0.250960	0.255249	0.131928	0.035306	0.038841	0.162373	0.036071	0.036815	0.019075	0.038241	0.041972	0.017511	0.038219	0.034409	0.157032	0.039973	0.032014	0.140220	9833662.0	9833662.0
47	0.367003	0.129605	0.128149	0.375243	0.594430	0.109101	0.248120	0.252942	0.130344	0.035417	0.039733	0.161510	0.035278	0.036571	0.018857	0.038898	0.040889	0.016518	0.037155	0.033587	0.164258	0.039155	0.033512	0.138318	9833662.0	9833662.0
48	0.370769	0.127660	0.129257	0.372314	0.592598	0.111429	0.251978	0.250100	0.132092	0.034906	0.040952	0.162819	0.033997	0.037744	0.019177	0.036742	0.041480	0.017054	0.037454	0.033269	0.161369	0.039297	0.035331	0.136317	9833662.0	9833662.0
49	0.368938	0.129000	0.132914	0.369148	0.592017	0.111319	0.251365	0.252212	0.131892	0.033636	0.038776	0.164634	0.035201	0.037165	0.018735	0.037899	0.042654	0.017376	0.038043	0.034841	0.157514	0.039170	0.034487	0.137977	9833662.0	9833662.0
50	0.367261	0.127347	0.130041	0.375352	0.597743	0.106568	0.249896	0.249145	0.132512	0.033878	0.038793	0.162079	0.035645	0.035849	0.017889	0.037964	0.042308	0.016547	0.036283	0.034902	0.165133	0.037313	0.034887	0.138020	9833662.0	9833662.0
51	0.375598	0.123586	0.127851	0.372965	0.601015	0.105096	0.252555	0.244213	0.135239	0.035171	0.039625	0.165563	0.034089	0.034658	0.017970	0.036869	0.041684	0.016460	0.036008	0.033700	0.165750	0.038223	0.034529	0.134463	9833662.0	9833662.0
52	0.376762	0.124513	0.128131	0.370594	0.602213	0.105812	0.250756	0.248512	0.136495	0.035782	0.037397	0.167088	0.033314	0.036269	0.016734	0.038197	0.040752	0.016698	0.036111	0.034569	0.163690	0.039106	0.032858	0.134940	9833662.0	9833662.0
53	0.374251	0.127855	0.123100	0.374794	0.605642	0.102163	0.247576	0.247069	0.135031	0.034515	0.038865	0.165840	0.035061	0.037270	0.016794	0.038731	0.041107	0.015527	0.032573	0.033893	0.170659	0.036956	0.033066	0.134112	9833662.0	9833662.0
54	0.381858	0.124268	0.121298	0.372576	0.608022	0.100945	0.248574	0.244431	0.136129	0.035073	0.039625	0.171031	0.033512	0.036987	0.016630	0.037139	0.040768	0.015277	0.032052	0.033202	0.167255	0.036698	0.035016	0.133607	9833662.0	9833662.0
55	0.377664	0.124034	0.123323	0.374979	0.614158	0.101649	0.244952	0.248474	0.135336	0.034686	0.036396	0.171246	0.033143	0.036669	0.016820	0.037403	0.040900	0.015841	0.032320	0.034262	0.169799	0.036626	0.030777	0.137777	9833662.0	9833662.0
56	0.379179	0.123822	0.116312	0.380687	0.623226	0.095344	0.243691	0.244988	0.137756	0.032268	0.036793	0.172363	0.034380	0.034397	0.016240	0.038805	0.038985	0.014551	0.030157	0.032619	0.176508	0.035186	0.032394	0.136600	9833662.0	9833662.0
57	0.387629	0.116402	0.115583	0.380386	0.627582	0.092953	0.247676	0.242894	0.140445	0.033745	0.036966	0.176472	0.031059	0.032773	0.015470	0.037100	0.039996	0.014442	0.030268	0.030877	0.174334	0.036691	0.033031	0.136331	9833662.0	9833662.0
58	0.385834	0.117651	0.115735	0.380779	0.631392	0.092698	0.242020	0.245279	0.138957	0.032942	0.035099	0.178836	0.032074	0.033726	0.015067	0.036784	0.038946	0.014887	0.029018	0.032884	0.175268	0.036438	0.030743	0.138330	9833662.0	9833662.0
59	0.385245	0.117994	0.109926	0.386835	0.638951	0.089203	0.239102	0.245537	0.139345	0.032877	0.034921	0.178102	0.032237	0.032744	0.015151	0.037863	0.037303	0.013775	0.027533	0.031315	0.181100	0.034525	0.030805	0.140405	9833662.0	9833662.0
60	0.389984	0.113921	0.108410	0.387685	0.642093	0.086938	0.241896	0.244395	0.141005	0.033116	0.036772	0.179091	0.031101	0.032466	0.013904	0.036449	0.036959	0.013408	0.027160	0.030883	0.180840	0.034322	0.031365	0.141157	9833662.0	9833662.0
61	0.389905	0.113313	0.109202	0.387581	0.645639	0.086844	0.239982	0.247449	0.141758	0.032289	0.034297	0.181561	0.030945	0.032029	0.013705	0.036634	0.036714	0.013897	0.027213	0.031378	0.178995	0.035461	0.029801	0.143325	9833662.0	9833662.0
62	0.388411	0.113676	0.105015	0.392898	0.649366	0.082087	0.235148	0.249007	0.138447	0.032326	0.035568	0.182071	0.031632	0.029167	0.013627	0.039250	0.035089	0.013248	0.026044	0.030634	0.182246	0.033988	0.030062	0.146602	9833662.0	9833662.0
63	0.387414	0.108728	0.105301	0.398556	0.652994	0.080529	0.236336	0.245898	0.139808	0.030954	0.035477	0.181174	0.029847	0.027740	0.013542	0.037600	0.035479	0.013676	0.025571	0.030574	0.186253	0.034801	0.031744	0.145758	9833662.0	9833662.0
64	0.391388	0.107171	0.106334	0.395107	0.656581	0.079635	0.235872	0.245839	0.140441	0.031581	0.033867	0.185499	0.030463	0.026667	0.013042	0.036999	0.035274	0.013636	0.026290	0.031134	0.183247	0.034780	0.029686	0.147393	9833662.0	9833662.0
65	0.389426	0.106665	0.102884	0.401025	0.664549	0.074361	0.231550	0.245774	0.138078	0.030025	0.033681	0.187642	0.031781	0.024694	0.012260	0.037929	0.034627	0.012243	0.025164	0.030850	0.189274	0.033596	0.028601	0.149555	9833662.0	9833662.0
66	0.393760	0.100558	0.099706	0.405977	0.669482	0.073929	0.233287	0.242962	0.140522	0.031876	0.034534	0.186827	0.029478	0.024613	0.011922	0.034545	0.033533	0.012695	0.024698	0.028780	0.191894	0.033566	0.030278	0.150238	9833662.0	9833662.0
67	0.395427	0.102751	0.101432	0.400389	0.666048	0.075666	0.235906	0.244677	0.142962	0.032076	0.033979	0.186411	0.029614	0.025305	0.012477	0.035354	0.033673	0.012590	0.025293	0.029877	0.187450	0.034792	0.028922	0.149225	9833662.0	9833662.0
68	0.393698	0.104763	0.100671	0.400868	0.665932	0.074001	0.231811	0.243215	0.139522	0.032043	0.033901	0.188233	0.030756	0.024446	0.012862	0.036699	0.033900	0.012205	0.024488	0.030078	0.189260	0.033152	0.029538	0.148918	9833662.0	9833662.0
69	0.393437	0.101846	0.100789	0.403927	0.669006	0.073082	0.236786	0.242197	0.143552	0.030828	0.034242	0.184816	0.030114	0.024352	0.011681	0.035699	0.034488	0.012545	0.024504	0.029251	0.192293	0.033800	0.029489	0.148345	9833662.0	9833662.0
70	0.400447	0.101525	0.099916	0.398112	0.670724	0.073291	0.236664	0.244165	0.145760	0.031149	0.032908	0.190630	0.029472	0.024836	0.011473	0.035744	0.033933	0.012918	0.024064	0.029001	0.185778	0.035029	0.028749	0.148556	9833662.0	9833662.0
71	0.394943	0.103932	0.097193	0.403931	0.670190	0.071378	0.231025	0.243830	0.141445	0.030920	0.033316	0.189262	0.030812	0.025050	0.011434	0.036637	0.033077	0.011707	0.023188	0.029223	0.191961	0.034621	0.029827	0.147522	9833662.0	9833662.0
72	0.397294	0.102298	0.097764	0.402644	0.671295	0.072188	0.235810	0.241530	0.144232	0.030191	0.033980	0.188891	0.030412	0.025270	0.011539	0.035076	0.033810	0.011591	0.023788	0.028576	0.191990	0.035002	0.029469	0.146182	9833662.0	9833662.0
73	0.400445	0.102055	0.098776	0.398725	0.672431	0.073048	0.237999	0.239677	0.146931	0.030427	0.033494	0.189593	0.030587	0.025444	0.011612	0.034411	0.034332	0.012751	0.023241	0.028452	0.190031	0.033946	0.028872	0.145876	9833662.0	9833662.0
74	0.401882	0.102568	0.097219	0.398331	0.675907	0.069168	0.236528	0.236856	0.145253	0.029419	0.034322	0.192888	0.031462	0.023859	0.011747	0.035500	0.034569	0.011178	0.022384	0.029088	0.192703	0.032434	0.028132	0.145063	9833662.0	9833662.0
75	0.403986	0.096890	0.096585	0.402539	0.678330	0.069496	0.238562	0.235247	0.146415	0.029769	0.035079	0.192724	0.028764	0.023445	0.011416	0.033265	0.034049	0.011616	0.023019	0.027901	0.194287	0.033633	0.029715	0.144904	9833662.0	9833662.0
76	0.403515	0.098462	0.099229	0.398794	0.678200	0.070777	0.237633	0.237333	0.146718	0.029796	0.032834	0.194167	0.029442	0.024365	0.010324	0.034331	0.034109	0.012116	0.023972	0.029032	0.191672	0.032994	0.028484	0.145643	9833662.0	9833662.0
77	0.401941	0.099271	0.095614	0.403173	0.681878	0.068994	0.234236	0.237998	0.147174	0.029007	0.032511	0.193249	0.030743	0.023414	0.010757	0.034357	0.031949	0.012221	0.022602	0.028842	0.194415	0.033186	0.028532	0.147041	9833662.0	9833662.0
78	0.404280	0.097828	0.094402	0.403489	0.679462	0.068927	0.235752	0.236104	0.147699	0.030435	0.033657	0.192489	0.029947	0.024088	0.010634	0.033159	0.031977	0.011785	0.022419	0.028221	0.194738	0.034321	0.029894	0.144536	9833662.0	9833662.0
79	0.404361	0.100630	0.096604	0.398406	0.679128	0.070605	0.232741	0.239193	0.145424	0.030051	0.031435	0.197451	0.030484	0.024541	0.011053	0.034551	0.033518	0.012648	0.022363	0.028074	0.191144	0.034991	0.027161	0.145109	9833662.0	9833662.0
80	0.400571	0.102231	0.092012	0.405186	0.683884	0.067987	0.228825	0.241430	0.143755	0.028511	0.031775	0.196529	0.030884	0.024321	0.011141	0.035885	0.031919	0.011149	0.021376	0.027569	0.195530	0.033153	0.028432	0.148070	9833662.0	9833662.0
81	0.402088	0.097134	0.092725	0.408053	0.684725	0.068134	0.232424	0.237130	0.145259	0.029893	0.032706	0.194229	0.029383	0.023020	0.011554	0.033177	0.031957	0.011057	0.022502	0.027208	0.197723	0.033419	0.029397	0.147514	9833662.0	9833662.0
82	0.404321	0.097390	0.096160	0.402129	0.683561	0.068968	0.233208	0.235875	0.146060	0.029856	0.031887	0.196518	0.030094	0.023035	0.011103	0.033159	0.031822	0.011391	0.023439	0.029507	0.194134	0.032834	0.028313	0.146848	9833662.0	9833662.0
83	0.402111	0.097116	0.094741	0.406032	0.686556	0.066100	0.233315	0.238308	0.146747	0.029218	0.032366	0.193781	0.030159	0.022108	0.010531	0.034318	0.031826	0.011085	0.022376	0.029454	0.196429	0.032282	0.027722	0.149600	9833662.0	9833662.0
84	0.405161	0.094693	0.092994	0.407152	0.687804	0.066649	0.232766	0.237907	0.147402	0.030184	0.032100	0.195475	0.028305	0.022799	0.010174	0.033415	0.030953	0.011365	0.022311	0.028365	0.196863	0.033630	0.028596	0.148064	9833662.0	9833662.0
85	0.403523	0.097977	0.093181	0.405319	0.685593	0.068607	0.229587	0.240543	0.146009	0.029994	0.031119	0.196401	0.028897	0.024581	0.010216	0.034283	0.030795	0.012146	0.021664	0.028576	0.194603	0.033100	0.029037	0.148580	9833662.0	9833662.0
86	0.400304	0.099821	0.092036	0.407839	0.686520	0.067336	0.228428	0.241213	0.144966	0.028820	0.031246	0.195270	0.030313	0.023582	0.011126	0.034800	0.031031	0.011444	0.021184	0.028377	0.196308	0.032855	0.028702	0.149975	9833662.0	9833662.0
87	0.402618	0.096702	0.092258	0.408423	0.686170	0.066920	0.230755	0.238381	0.146606	0.028905	0.032048	0.195059	0.029083	0.023651	0.010797	0.033171	0.031174	0.011545	0.020927	0.028612	0.196469	0.033523	0.030395	0.148036	9833662.0	9833662.0
88	0.403332	0.097624	0.094166	0.404877	0.686350	0.068073	0.229417	0.239462	0.146181	0.029125	0.030525	0.197502	0.029120	0.024176	0.010838	0.033490	0.031662	0.012010	0.021049	0.029445	0.194470	0.033600	0.028611	0.148197	9833662.0	9833662.0
89	0.401433	0.098910	0.091022	0.408635	0.688585	0.065489	0.227384	0.236978	0.145714	0.029789	0.031392	0.194539	0.030101	0.023782	0.010759	0.034268	0.029917	0.010588	0.020361	0.030156	0.201250	0.031845	0.028457	0.147082	9833662.0	9833662.0
90	0.406982	0.096004	0.090969	0.406045	0.689063	0.068029	0.233489	0.234813	0.148864	0.030155	0.032649	0.195314	0.029307	0.024241	0.010629	0.031827	0.030172	0.011354	0.021805	0.027638	0.198612	0.032472	0.028688	0.146273	9833662.0	9833662.0
91	0.406954	0.098223	0.093771	0.401052	0.687958	0.067585	0.232766	0.238875	0.148757	0.029245	0.031076	0.197876	0.030364	0.024098	0.010468	0.033293	0.031579	0.011665	0.021354	0.029173	0.193125	0.033285	0.026442	0.148199	9833662.0	9833662.0
92	0.403825	0.098293	0.089340	0.408541	0.690989	0.065021	0.228988	0.239011	0.146154	0.028164	0.032541	0.196966	0.030712	0.023233	0.010397	0.033951	0.029548	0.010646	0.020745	0.028401	0.198814	0.032772	0.027900	0.149055	9833662.0	9833662.0
93	0.405228	0.094815	0.091583	0.408374	0.689566	0.065104	0.232052	0.236508	0.147538	0.028923	0.032737	0.196030	0.029552	0.022670	0.010205	0.032388	0.030887	0.011339	0.020890	0.028468	0.197625	0.033077	0.029299	0.148373	9833662.0	9833662.0
94	0.405602	0.096009	0.093130	0.405258	0.688321	0.067894	0.232152	0.239038	0.148890	0.029441	0.031439	0.195831	0.028538	0.023873	0.010675	0.032923	0.030359	0.011883	0.021463	0.029425	0.194558	0.033201	0.028458	0.149041	9833662.0	9833662.0
95	0.402346	0.098398	0.092035	0.407220	0.689380	0.066643	0.229453	0.238953	0.146784	0.028227	0.031226	0.196109	0.030197	0.023043	0.010755	0.034404	0.030116	0.011517	0.021327	0.029075	0.197760	0.032780	0.027954	0.148727	9833662.0	9833662.0
96	0.404856	0.095567	0.091262	0.408315	0.689494	0.066797	0.231410	0.235225	0.148473	0.030354	0.031144	0.194886	0.029248	0.022499	0.010969	0.032850	0.029882	0.011417	0.021911	0.028051	0.199328	0.033068	0.029111	0.146807	9833662.0	9833662.0
97	0.406931	0.097338	0.093135	0.402595	0.687851	0.068888	0.233731	0.239402	0.149627	0.029864	0.031386	0.196054	0.029154	0.023592	0.011162	0.033429	0.030535	0.011950	0.022183	0.028467	0.193031	0.033242	0.027184	0.149139	9833662.0	9833662.0
98	0.402347	0.098648	0.091916	0.407089	0.688858	0.067576	0.231327	0.237023	0.146856	0.028039	0.031996	0.195456	0.031055	0.022102	0.011750	0.033742	0.030126	0.011376	0.022349	0.028065	0.198235	0.032869	0.027675	0.148310	9833662.0	9833662.0
99	0.406272	0.094385	0.093770	0.405574	0.689091	0.068226	0.234807	0.233407	0.147890	0.028390	0.032548	0.197445	0.028903	0.022458	0.011197	0.031827	0.031430	0.011632	0.022940	0.027769	0.197840	0.033205	0.028612	0.145917	9833662.0	9833662.0
100	0.406062	0.095684	0.095296	0.402958	0.688058	0.068473	0.232212	0.235296	0.147286	0.029667	0.030614	0.198495	0.028773	0.022002	0.011009	0.033901	0.031193	0.012344	0.023119	0.028640	0.196038	0.033155	0.027526	0.146239	9833662.0	9833662.0
101	0.403290	0.097168	0.092267	0.407275	0.688956	0.065868	0.230548	0.236082	0.147027	0.029070	0.030968	0.196225	0.030018	0.021369	0.011167	0.034615	0.030707	0.011487	0.021846	0.028227	0.199515	0.033910	0.027660	0.146189	9833662.0	9833662.0
102	0.407268	0.095836	0.091641	0.405256	0.690753	0.066815	0.233337	0.233879	0.148576	0.029610	0.031985	0.197097	0.028874	0.022028	0.011247	0.033686	0.030709	0.011472	0.022067	0.027393	0.199350	0.032434	0.027741	0.145731	9833662.0	9833662.0
103	0.407509	0.095544	0.093041	0.403907	0.692872	0.067572	0.232328	0.238738	0.148227	0.028712	0.030588	0.199982	0.028632	0.022325	0.010817	0.033770	0.030730	0.011647	0.022783	0.027882	0.194900	0.032881	0.026363	0.149763	9833662.0	9833662.0
104	0.402489	0.095564	0.090551	0.411396	0.694835	0.065886	0.232488	0.238362	0.149320	0.027231	0.030938	0.195000	0.028528	0.021799	0.011434	0.033804	0.030475	0.010897	0.021756	0.027424	0.200536	0.032780	0.028100	0.149979	9833662.0	9833662.0
105	0.408858	0.092707	0.092228	0.406207	0.693207	0.066760	0.237094	0.234557	0.152448	0.028584	0.031795	0.196031	0.028093	0.021847	0.010816	0.031951	0.030516	0.011763	0.022334	0.027615	0.197154	0.033185	0.028294	0.147573	9833662.0	9833662.0
106	0.408212	0.095379	0.093239	0.403170	0.693060	0.068561	0.233634	0.235781	0.149530	0.028121	0.030908	0.199654	0.028796	0.022932	0.010986	0.032666	0.030550	0.011996	0.022646	0.028046	0.195321	0.031627	0.027666	0.148555	9833662.0	9833662.0
107	0.404196	0.094677	0.092206	0.408921	0.694829	0.066704	0.230594	0.233287	0.147222	0.027574	0.030944	0.198456	0.028644	0.021506	0.011689	0.032838	0.030713	0.011795	0.021715	0.027984	0.201345	0.031137	0.028633	0.147806	9833662.0	9833662.0
108	0.407924	0.092011	0.092981	0.407084	0.694446	0.067652	0.237210	0.233498	0.150645	0.028661	0.032558	0.196060	0.027443	0.022398	0.011191	0.030978	0.031446	0.011502	0.022561	0.027473	0.199074	0.031455	0.027888	0.148667	9833662.0	9833662.0
109	0.408608	0.094016	0.094198	0.403178	0.694819	0.068475	0.235091	0.235342	0.151310	0.027422	0.030288	0.199588	0.028194	0.022727	0.011340	0.031755	0.031191	0.012106	0.022302	0.028599	0.195268	0.032208	0.027049	0.148652	9833662.0	9833662.0
110	0.405963	0.094462	0.090980	0.408595	0.696461	0.066433	0.231543	0.233509	0.147901	0.028329	0.031192	0.198541	0.029271	0.021808	0.011408	0.031975	0.030561	0.011329	0.021888	0.027201	0.201136	0.030843	0.027733	0.148883	9833662.0	9833662.0
111	0.408869	0.092308	0.092222	0.406601	0.695532	0.069296	0.233944	0.232599	0.149825	0.028280	0.031983	0.198781	0.027377	0.022444	0.012033	0.030455	0.029941	0.012624	0.022195	0.027463	0.198825	0.031599	0.028076	0.148101	9833662.0	9833662.0
112	0.405967	0.094947	0.094287	0.404799	0.693122	0.070436	0.231434	0.235350	0.148222	0.028568	0.030308	0.198869	0.028362	0.022917	0.011841	0.031827	0.030550	0.013325	0.022353	0.028059	0.197043	0.031619	0.027150	0.148988	9833662.0	9833662.0
113	0.404177	0.096428	0.091652	0.407742	0.695068	0.068624	0.232700	0.234372	0.149427	0.027017	0.030725	0.197009	0.029716	0.022469	0.011333	0.032910	0.029998	0.012271	0.022551	0.026832	0.200589	0.030950	0.028160	0.148044	9833662.0	9833662.0
114	0.409729	0.092707	0.092769	0.404795	0.694217	0.069671	0.234431	0.231412	0.148336	0.028108	0.032178	0.201108	0.027304	0.022311	0.011776	0.031316	0.030474	0.012140	0.023444	0.026711	0.198506	0.031516	0.028504	0.146268	9833662.0	9833662.0
115	0.404619	0.094076	0.095902	0.405403	0.694358	0.070350	0.234852	0.236286	0.149680	0.026752	0.029726	0.198462	0.027763	0.022941	0.011506	0.031865	0.032074	0.012528	0.023373	0.027927	0.196630	0.031893	0.027294	0.149587	9833662.0	9833662.0
116	0.406146	0.094115	0.091899	0.407840	0.698031	0.067491	0.233282	0.232569	0.149245	0.026320	0.030866	0.199715	0.029016	0.021647	0.011533	0.031919	0.030664	0.011803	0.022508	0.026925	0.201537	0.031469	0.027300	0.147534	9833662.0	9833662.0
117	0.410461	0.091239	0.092206	0.406093	0.696864	0.067376	0.236236	0.230315	0.150525	0.027743	0.031871	0.200323	0.028007	0.021921	0.011533	0.029778	0.031655	0.011737	0.022185	0.026629	0.199052	0.031651	0.028425	0.146964	9833662.0	9833662.0
118	0.409239	0.093052	0.094015	0.403695	0.695889	0.069343	0.234781	0.233151	0.150290	0.027745	0.030782	0.200422	0.027387	0.022547	0.011810	0.031308	0.031190	0.012467	0.022519	0.027839	0.196571	0.030690	0.027828	0.148606	9833662.0	9833662.0
119	0.405437	0.093448	0.092939	0.408175	0.698350	0.067851	0.231036	0.231383	0.146913	0.026077	0.030956	0.201492	0.028776	0.021548	0.011493	0.031631	0.030819	0.012461	0.022348	0.027311	0.202104	0.030361	0.027868	0.147842	9833662.0	9833662.0
120	0.408611	0.090447	0.092666	0.408276	0.699488	0.068687	0.238037	0.231458	0.151897	0.027154	0.031538	0.198022	0.026616	0.021906	0.011483	0.030442	0.031315	0.012010	0.023287	0.026053	0.201250	0.030791	0.027916	0.148319	9833662.0	9833662.0
121	0.411077	0.091861	0.094225	0.402837	0.699428	0.068691	0.237783	0.231626	0.152253	0.026687	0.030631	0.201507	0.027070	0.022030	0.011286	0.031474	0.031870	0.012345	0.023029	0.026980	0.197784	0.030237	0.026931	0.147884	9833662.0	9833662.0
122	0.408977	0.091300	0.091878	0.407845	0.701975	0.067809	0.233182	0.231139	0.150905	0.027100	0.029796	0.201176	0.027228	0.021322	0.011844	0.030905	0.029781	0.011943	0.022699	0.027455	0.201477	0.030494	0.027456	0.148418	9833662.0	9833662.0
123	0.409391	0.090860	0.091795	0.407953	0.698685	0.068458	0.235070	0.231441	0.151878	0.027731	0.031353	0.198429	0.026598	0.022051	0.011807	0.030404	0.029891	0.012652	0.021948	0.027305	0.200440	0.031049	0.028527	0.147937	9833662.0	9833662.0
124	0.408807	0.093483	0.093635	0.404075	0.697770	0.069151	0.233974	0.234468	0.150352	0.027117	0.029754	0.201584	0.027705	0.022533	0.011608	0.031637	0.031113	0.012256	0.022755	0.027511	0.196785	0.031249	0.026992	0.149049	9833662.0	9833662.0
125	0.405955	0.093155	0.091109	0.409781	0.700958	0.066876	0.230308	0.231733	0.147982	0.027174	0.030149	0.200650	0.028158	0.021704	0.011488	0.031804	0.030178	0.011684	0.021999	0.027248	0.204132	0.030030	0.027425	0.148195	9833662.0	9833662.0
126	0.410450	0.090592	0.091062	0.407897	0.699851	0.067402	0.231810	0.231404	0.147564	0.028481	0.031427	0.202978	0.026211	0.021512	0.011654	0.031216	0.030257	0.011675	0.022563	0.026568	0.201865	0.031232	0.027356	0.147444	9833662.0	9833662.0
127	0.405897	0.092899	0.092998	0.408206	0.697012	0.069240	0.231254	0.233299	0.147761	0.027984	0.029868	0.200283	0.027271	0.022383	0.011232	0.032014	0.030332	0.012332	0.023294	0.027041	0.201742	0.031676	0.027562	0.147226	9833662.0	9833662.0
128	0.407105	0.094375	0.091956	0.406564	0.698573	0.068172	0.232072	0.232565	0.148802	0.027888	0.030518	0.199897	0.027697	0.021553	0.011790	0.033335	0.029844	0.011921	0.022909	0.027283	0.202132	0.029934	0.026755	0.147742	9833662.0	9833662.0
