Offset	A	C	G	T	A/T	C/G	A/G	C/T	AA	AC	AG	AT	CA	CC	CG	CT	GA	GC	GG	GT	TA	TC	TG	TT	N	NN
-50	0.309728	0.186824	0.187640	0.315807	0.391875	0.140229	0.265384	0.273180	0.110539	0.051640	0.056940	0.090610	0.061862	0.037567	0.028506	0.058889	0.060835	0.037085	0.037071	0.052650	0.075906	0.061903	0.063178	0.114820	1028741.0	1028741.0
-49	0.309142	0.188195	0.185694	0.316969	0.392088	0.139840	0.264313	0.272667	0.109561	0.051377	0.057231	0.090972	0.062507	0.037490	0.029045	0.059154	0.060353	0.036137	0.037168	0.052035	0.077088	0.061558	0.063857	0.114466	1028741.0	1028741.0
-48	0.309509	0.186562	0.187301	0.316628	0.392446	0.140280	0.265869	0.272524	0.110211	0.051407	0.057446	0.090445	0.061825	0.037428	0.028741	0.058568	0.060962	0.036862	0.037249	0.052228	0.076665	0.061403	0.063435	0.115125	1028741.0	1028741.0
-47	0.309663	0.187101	0.186871	0.316365	0.392613	0.139778	0.264200	0.273828	0.109765	0.051450	0.056744	0.091703	0.061789	0.037540	0.028598	0.059173	0.060632	0.036582	0.037058	0.052599	0.076185	0.062156	0.063065	0.114959	1028741.0	1028741.0
-46	0.308372	0.187728	0.185466	0.318435	0.392439	0.139914	0.262903	0.273511	0.109247	0.051332	0.057011	0.090782	0.062138	0.037623	0.028952	0.059015	0.059900	0.036595	0.036744	0.052226	0.077410	0.061874	0.064151	0.115000	1028741.0	1028741.0
-45	0.308696	0.187423	0.186858	0.317022	0.392041	0.140439	0.264554	0.272441	0.109528	0.051430	0.056889	0.090849	0.062274	0.037246	0.029307	0.058596	0.060854	0.036602	0.037283	0.052119	0.076797	0.061731	0.063627	0.114868	1028741.0	1028741.0
-44	0.309453	0.187009	0.187106	0.316431	0.392750	0.140690	0.263545	0.273766	0.110168	0.051507	0.056346	0.091433	0.061646	0.037910	0.028806	0.058646	0.060245	0.037186	0.036788	0.052888	0.076118	0.062178	0.063104	0.115031	1028741.0	1028741.0
-43	0.308177	0.188781	0.185044	0.317998	0.392082	0.140270	0.262856	0.272587	0.109392	0.051110	0.057005	0.090670	0.062834	0.037596	0.029299	0.059052	0.059557	0.036472	0.036902	0.052112	0.077480	0.061398	0.064580	0.114540	1028741.0	1028741.0
-42	0.309263	0.186577	0.187786	0.316374	0.392366	0.140384	0.265561	0.272912	0.110139	0.051271	0.057192	0.090661	0.061833	0.037212	0.028856	0.058676	0.060802	0.036889	0.037427	0.052667	0.076225	0.061683	0.063125	0.115341	1028741.0	1028741.0
-41	0.308999	0.187056	0.186600	0.317345	0.392531	0.139529	0.262823	0.275401	0.109252	0.051853	0.056708	0.091186	0.061711	0.037525	0.028187	0.059633	0.060127	0.037081	0.036736	0.052656	0.075937	0.062087	0.063166	0.116157	1028741.0	1028741.0
-40	0.307027	0.188545	0.184797	0.319631	0.393083	0.139949	0.262396	0.274191	0.109297	0.050963	0.056512	0.090255	0.062790	0.037438	0.029314	0.059003	0.059576	0.036185	0.037012	0.052024	0.077767	0.061985	0.064114	0.115765	1028741.0	1028741.0
-39	0.309430	0.186572	0.186952	0.317047	0.393133	0.139963	0.264506	0.273290	0.109832	0.052024	0.056654	0.090920	0.061770	0.037218	0.028672	0.058912	0.060535	0.036588	0.037485	0.052344	0.076845	0.061625	0.063041	0.115535	1028741.0	1028741.0
-38	0.308983	0.187455	0.185851	0.317711	0.393604	0.139951	0.262553	0.275334	0.109567	0.051493	0.056178	0.091744	0.061892	0.037820	0.028652	0.059092	0.060189	0.036861	0.036619	0.052183	0.076322	0.062451	0.062966	0.115971	1028741.0	1028741.0
-37	0.307971	0.188625	0.184415	0.318990	0.392950	0.140287	0.261654	0.273672	0.109364	0.051499	0.056353	0.090755	0.062663	0.037572	0.029411	0.058979	0.059101	0.036469	0.036835	0.052009	0.077406	0.061696	0.064462	0.115426	1028741.0	1028741.0
-36	0.308534	0.187236	0.187062	0.317168	0.391514	0.140803	0.264722	0.273147	0.108977	0.051288	0.057540	0.090729	0.062193	0.037538	0.028930	0.058575	0.060481	0.036612	0.037724	0.052245	0.076610	0.061837	0.063523	0.115198	1028741.0	1028741.0
-35	0.308261	0.187275	0.187717	0.316747	0.391993	0.140665	0.264113	0.274320	0.109439	0.051328	0.056469	0.091026	0.061796	0.037921	0.028542	0.059016	0.060841	0.036838	0.037364	0.052673	0.076367	0.062222	0.062997	0.115161	1028741.0	1028741.0
-34	0.308443	0.188309	0.185372	0.317876	0.392452	0.139758	0.263814	0.272340	0.109441	0.051110	0.057174	0.090719	0.063073	0.037212	0.029029	0.058994	0.060173	0.036490	0.037027	0.051683	0.077802	0.061642	0.063941	0.114490	1028741.0	1028741.0
-33	0.310488	0.186455	0.187171	0.315886	0.393585	0.139853	0.266342	0.271860	0.110850	0.051391	0.057088	0.091159	0.062063	0.037117	0.028806	0.058469	0.061090	0.036617	0.037314	0.052150	0.076739	0.061438	0.062872	0.114836	1028741.0	1028741.0
-32	0.310743	0.186563	0.186080	0.316614	0.395237	0.139305	0.264726	0.273550	0.111018	0.051337	0.056400	0.091988	0.061925	0.037142	0.028717	0.058780	0.060562	0.036702	0.036745	0.052070	0.076490	0.061887	0.062496	0.115741	1028741.0	1028741.0
-31	0.309995	0.187067	0.184357	0.318580	0.395841	0.138646	0.264675	0.272061	0.110921	0.050873	0.056936	0.091266	0.062610	0.037243	0.028823	0.058393	0.060303	0.036065	0.036516	0.051474	0.078270	0.061042	0.063884	0.115384	1028741.0	1028741.0
-30	0.312104	0.185223	0.186158	0.316516	0.395953	0.138520	0.267072	0.270954	0.111975	0.050977	0.057235	0.091917	0.061911	0.036522	0.028606	0.058184	0.060747	0.036276	0.037115	0.052019	0.077029	0.061217	0.063238	0.115032	1028741.0	1028741.0
-29	0.311662	0.184992	0.186195	0.317152	0.395630	0.139428	0.265769	0.273075	0.111522	0.051762	0.056792	0.091586	0.060845	0.037211	0.028672	0.058264	0.060516	0.036606	0.036939	0.052134	0.076868	0.061945	0.062684	0.115655	1028741.0	1028741.0
-28	0.309750	0.187523	0.185087	0.317639	0.394186	0.139147	0.265194	0.271247	0.110772	0.050810	0.057093	0.091075	0.062996	0.037003	0.029123	0.058401	0.060479	0.036171	0.036850	0.051587	0.077923	0.061428	0.063872	0.114415	1028741.0	1028741.0
-27	0.312171	0.185412	0.186938	0.315479	0.394541	0.139397	0.266765	0.270255	0.111253	0.051653	0.057436	0.091828	0.061809	0.036749	0.028731	0.058123	0.060929	0.036770	0.037146	0.052093	0.076872	0.060794	0.063225	0.114589	1028741.0	1028741.0
-26	0.310863	0.185966	0.186539	0.316633	0.394633	0.139388	0.264158	0.273593	0.110117	0.051379	0.056724	0.092642	0.061518	0.037482	0.028294	0.058673	0.060519	0.036814	0.036798	0.052408	0.076336	0.061901	0.062858	0.115537	1028741.0	1028741.0
-25	0.308490	0.187576	0.184674	0.319260	0.394312	0.140255	0.262849	0.273444	0.109931	0.050933	0.056517	0.091108	0.061962	0.037580	0.029289	0.058745	0.059410	0.036394	0.036992	0.051879	0.078086	0.061933	0.064055	0.115186	1028741.0	1028741.0
-24	0.309389	0.186840	0.186853	0.316918	0.393619	0.140051	0.264609	0.272462	0.110069	0.050806	0.056684	0.091831	0.062019	0.037438	0.029006	0.058377	0.060917	0.036667	0.036939	0.052329	0.076812	0.061740	0.063459	0.114907	1028741.0	1028741.0
-23	0.309817	0.186650	0.186089	0.317444	0.394713	0.139303	0.263306	0.274342	0.110718	0.051598	0.055772	0.091729	0.061583	0.037605	0.028449	0.059013	0.060378	0.036810	0.036439	0.052462	0.076903	0.062361	0.062818	0.115363	1028741.0	1028741.0
-22	0.309581	0.188374	0.183478	0.318567	0.395316	0.139371	0.262598	0.272448	0.110527	0.050739	0.056305	0.092011	0.063089	0.037548	0.029376	0.058362	0.059548	0.036230	0.036218	0.051482	0.077985	0.061744	0.064044	0.114794	1028741.0	1028741.0
-21	0.311148	0.186261	0.185943	0.316648	0.395450	0.139587	0.265601	0.271887	0.111277	0.051092	0.056902	0.091878	0.062031	0.037084	0.028971	0.058174	0.060379	0.036487	0.037044	0.052033	0.077387	0.061720	0.062633	0.114908	1028741.0	1028741.0
-20	0.311073	0.186383	0.185550	0.316993	0.396991	0.138872	0.263959	0.273807	0.111595	0.051395	0.055510	0.092574	0.061773	0.037670	0.028408	0.058533	0.060590	0.036529	0.036265	0.052167	0.077132	0.061915	0.062257	0.115690	1028741.0	1028741.0
-19	0.311089	0.187509	0.182439	0.318964	0.398040	0.138655	0.262897	0.273110	0.111851	0.050907	0.056110	0.092220	0.062616	0.037530	0.028880	0.058482	0.058637	0.035946	0.036299	0.051557	0.078501	0.061630	0.063366	0.115467	1028741.0	1028741.0
-18	0.311605	0.186013	0.184655	0.317727	0.396413	0.139689	0.264337	0.273574	0.110980	0.051821	0.056314	0.092490	0.061450	0.037586	0.028690	0.058287	0.060113	0.036484	0.036929	0.051129	0.077257	0.062016	0.062769	0.115686	1028741.0	1028741.0
-17	0.309800	0.187906	0.184702	0.317591	0.395313	0.139509	0.263826	0.275130	0.110958	0.051182	0.055952	0.091708	0.062438	0.037920	0.028379	0.059168	0.060352	0.036646	0.036564	0.051140	0.077153	0.062547	0.062397	0.115495	1028741.0	1028741.0
-16	0.310901	0.188295	0.183292	0.317511	0.397310	0.138510	0.263434	0.272516	0.111122	0.051160	0.056090	0.092530	0.063185	0.037536	0.028888	0.058686	0.059804	0.035669	0.036417	0.051402	0.078341	0.060976	0.062877	0.115317	1028741.0	1028741.0
-15	0.312453	0.185341	0.184272	0.317934	0.399156	0.137548	0.266070	0.271422	0.112112	0.050989	0.056522	0.092830	0.062328	0.036866	0.028330	0.057817	0.060773	0.035689	0.036662	0.051147	0.078538	0.061062	0.062658	0.115676	1028741.0	1028741.0
-14	0.313750	0.184606	0.184173	0.317471	0.401786	0.135854	0.264491	0.272733	0.112435	0.051176	0.055575	0.094565	0.062095	0.036794	0.027512	0.058205	0.060814	0.035881	0.035668	0.051810	0.078159	0.061107	0.061577	0.116628	1028741.0	1028741.0
-13	0.313503	0.184957	0.180332	0.321208	0.404764	0.134981	0.264564	0.270890	0.113450	0.050428	0.055997	0.093628	0.062785	0.036057	0.028379	0.057737	0.059665	0.035092	0.035452	0.050122	0.081245	0.060657	0.062866	0.116440	1028741.0	1028741.0
-12	0.317145	0.182233	0.182694	0.317927	0.405291	0.134583	0.267299	0.268884	0.114686	0.051355	0.056350	0.094754	0.061499	0.035566	0.028025	0.057144	0.060688	0.035418	0.035575	0.051014	0.079851	0.060175	0.061902	0.116000	1028741.0	1028741.0
-11	0.316724	0.182513	0.181851	0.318911	0.408114	0.134171	0.266368	0.271572	0.115320	0.050648	0.055547	0.095210	0.061206	0.035882	0.027635	0.057791	0.060113	0.035265	0.035389	0.051084	0.079968	0.060281	0.061045	0.117618	1028741.0	1028741.0
-10	0.316606	0.182077	0.179615	0.321702	0.409446	0.132539	0.264349	0.271106	0.114254	0.050853	0.055893	0.095606	0.061340	0.035147	0.027828	0.057762	0.059293	0.034654	0.034910	0.050758	0.081456	0.060068	0.062049	0.118130	1028741.0	1028741.0
-9	0.316343	0.180722	0.180679	0.322256	0.408772	0.133200	0.264967	0.271197	0.113707	0.050415	0.056766	0.095456	0.060082	0.035540	0.027632	0.057468	0.059533	0.035067	0.034961	0.051118	0.081738	0.060316	0.062330	0.117872	1028741.0	1028741.0
-8	0.315060	0.181338	0.181688	0.321914	0.410278	0.132028	0.259690	0.275145	0.111963	0.050488	0.054755	0.097854	0.060349	0.036008	0.026731	0.058251	0.059109	0.035427	0.033863	0.053289	0.080813	0.061238	0.060214	0.119648	1028741.0	1028741.0
-7	0.312234	0.183161	0.175563	0.329042	0.416366	0.129801	0.255127	0.279866	0.111674	0.049770	0.053424	0.097367	0.061531	0.036152	0.026054	0.059424	0.056992	0.034558	0.033037	0.050976	0.084441	0.061406	0.060311	0.122884	1028741.0	1028741.0
-6	0.314638	0.181885	0.172826	0.330651	0.415960	0.130414	0.254831	0.281022	0.112364	0.050962	0.053839	0.097474	0.059894	0.037057	0.026481	0.058454	0.056349	0.034597	0.032279	0.049600	0.084071	0.063459	0.061069	0.122052	1028741.0	1028741.0
-5	0.312677	0.186075	0.173668	0.327580	0.407323	0.133490	0.249283	0.281424	0.109367	0.054521	0.052089	0.096701	0.061494	0.039535	0.025506	0.059541	0.056288	0.036910	0.031540	0.048930	0.086396	0.067488	0.058836	0.114860	1028741.0	1028741.0
-4	0.313544	0.198454	0.167970	0.320031	0.393622	0.138601	0.240609	0.275788	0.104140	0.056641	0.054883	0.097881	0.066073	0.043211	0.027227	0.061943	0.051477	0.038054	0.030109	0.048330	0.088736	0.067768	0.060662	0.102866	1028741.0	1028741.0
-3	0.310426	0.205675	0.172880	0.311019	0.408609	0.128230	0.257140	0.267999	0.120195	0.050468	0.048034	0.091729	0.071550	0.043542	0.023089	0.067494	0.061396	0.034085	0.027513	0.049885	0.103359	0.063638	0.050696	0.093326	1028741.0	1028741.0
-2	0.356501	0.191732	0.149333	0.302434	0.522835	0.073717	0.205034	0.288632	0.111172	0.036664	0.030539	0.178125	0.066106	0.024548	0.012635	0.088443	0.046745	0.019955	0.016579	0.066055	0.095885	0.037988	0.030908	0.137653	1028741.0	1028741.0
-1	0.319908	0.119156	0.090660	0.470276	0.635947	0.065952	0.239713	0.249743	0.149762	0.028822	0.037051	0.104273	0.051638	0.016166	0.014565	0.036787	0.033108	0.015429	0.019792	0.022331	0.225406	0.040283	0.048080	0.156507	1028741.0	1028741.0
0	0.459914	0.100700	0.119489	0.319898	0.456150	0.072083	0.322921	0.181923	0.136442	0.062378	0.122973	0.138121	0.036100	0.017573	0.013542	0.033485	0.040976	0.018438	0.022530	0.037544	0.100782	0.050061	0.088250	0.080805	1028741.0	1028741.0
1	0.314301	0.148450	0.247295	0.289954	0.352534	0.156992	0.323488	0.211220	0.108225	0.051839	0.070202	0.084034	0.049696	0.028299	0.025212	0.045244	0.086004	0.044425	0.059056	0.057809	0.080585	0.057988	0.071692	0.079690	1028741.0	1028741.0
2	0.324510	0.182551	0.226162	0.266777	0.343415	0.170768	0.309980	0.224886	0.108989	0.057536	0.073544	0.084441	0.062784	0.036464	0.033924	0.049380	0.073134	0.046067	0.054313	0.052648	0.064662	0.053718	0.063073	0.085324	1028741.0	1028741.0
3	0.309568	0.193785	0.224854	0.271792	0.354507	0.165635	0.297941	0.240125	0.115030	0.052579	0.060927	0.081032	0.067453	0.038301	0.033460	0.054571	0.074664	0.046554	0.047320	0.056316	0.066408	0.055216	0.058131	0.092037	1028741.0	1028741.0
4	0.323556	0.192650	0.199838	0.283956	0.375485	0.154597	0.283213	0.258949	0.118254	0.056055	0.060246	0.089000	0.064885	0.040108	0.031844	0.055813	0.064275	0.042207	0.040438	0.052919	0.064578	0.059375	0.056350	0.103653	1028741.0	1028741.0
5	0.311992	0.197745	0.188878	0.301385	0.381172	0.150684	0.271171	0.273759	0.113687	0.051705	0.058781	0.087820	0.065268	0.040184	0.033467	0.058825	0.060519	0.038847	0.038186	0.051327	0.066246	0.061330	0.060389	0.113419	1028741.0	1028741.0
6	0.305719	0.192067	0.190823	0.311391	0.386873	0.147551	0.262807	0.283683	0.109986	0.052200	0.054529	0.089005	0.062253	0.039995	0.030426	0.059394	0.060967	0.039806	0.037325	0.052725	0.068140	0.064552	0.058958	0.119742	1028741.0	1028741.0
7	0.301345	0.196552	0.181237	0.320866	0.392597	0.145207	0.249214	0.293919	0.106692	0.050879	0.052586	0.091189	0.062946	0.041260	0.030632	0.061714	0.055182	0.038560	0.034755	0.052740	0.069685	0.065914	0.060236	0.125031	1028741.0	1028741.0
8	0.294505	0.196612	0.178208	0.330675	0.390133	0.145809	0.251950	0.287498	0.106547	0.049491	0.053465	0.085002	0.065513	0.039876	0.032566	0.058657	0.056358	0.037788	0.035579	0.048483	0.075376	0.065756	0.066334	0.123209	1028741.0	1028741.0
9	0.303794	0.192911	0.187945	0.315351	0.386295	0.147440	0.264650	0.276510	0.110144	0.051101	0.056005	0.086543	0.064715	0.038838	0.031538	0.057820	0.060489	0.039055	0.038011	0.050391	0.072362	0.062607	0.063136	0.117245	1028741.0	1028741.0
10	0.307711	0.191600	0.188690	0.311999	0.387387	0.146300	0.266234	0.274563	0.112196	0.051669	0.055643	0.088203	0.063634	0.038777	0.031228	0.057961	0.061161	0.039061	0.037234	0.051233	0.071936	0.062773	0.062238	0.115052	1028741.0	1028741.0
11	0.308927	0.192280	0.186343	0.312450	0.389061	0.146436	0.266668	0.272222	0.113227	0.051164	0.056429	0.088107	0.064191	0.038954	0.031888	0.057247	0.059952	0.038534	0.037060	0.050797	0.073493	0.061786	0.062936	0.114235	1028741.0	1028741.0
12	0.310863	0.190440	0.188313	0.310385	0.388690	0.147176	0.268847	0.273152	0.113823	0.051866	0.056618	0.088556	0.062732	0.039220	0.031306	0.057182	0.060629	0.038873	0.037777	0.051033	0.071850	0.062290	0.061784	0.114461	1028741.0	1028741.0
13	0.309034	0.192249	0.187485	0.311232	0.387958	0.147120	0.265605	0.275548	0.112461	0.051816	0.055849	0.088909	0.062970	0.039622	0.031405	0.058251	0.060344	0.039140	0.036952	0.051050	0.071896	0.062983	0.061661	0.114693	1028741.0	1028741.0
14	0.307670	0.193561	0.185867	0.312902	0.385727	0.147803	0.264101	0.274545	0.110577	0.052147	0.056904	0.088043	0.063910	0.039551	0.032238	0.057861	0.059040	0.038432	0.037581	0.050814	0.072451	0.062476	0.063318	0.114657	1028741.0	1028741.0
15	0.305978	0.192607	0.190041	0.311374	0.382231	0.148688	0.266784	0.273702	0.109984	0.051872	0.057265	0.086857	0.063637	0.039121	0.032198	0.057652	0.061281	0.039115	0.038255	0.051391	0.071294	0.062832	0.063151	0.114097	1028741.0	1028741.0
16	0.306196	0.192940	0.190868	0.309996	0.383516	0.148971	0.266430	0.274990	0.110752	0.051492	0.056604	0.087348	0.063423	0.039671	0.031708	0.058138	0.061180	0.039699	0.037894	0.052096	0.071132	0.062895	0.061684	0.114285	1028741.0	1028741.0
17	0.306486	0.193757	0.187890	0.311867	0.385545	0.147602	0.266832	0.271609	0.111626	0.050980	0.056884	0.086997	0.064770	0.038688	0.032471	0.057828	0.060463	0.038584	0.037859	0.050984	0.073397	0.061567	0.063377	0.113526	1028741.0	1028741.0
18	0.310256	0.189818	0.190591	0.309334	0.387768	0.146695	0.270674	0.269174	0.113465	0.051419	0.057063	0.088309	0.063328	0.037851	0.031816	0.056824	0.061780	0.038663	0.038365	0.051783	0.072609	0.061114	0.062227	0.113385	1028741.0	1028741.0
19	0.311182	0.189047	0.189470	0.310301	0.390039	0.146094	0.269283	0.272476	0.113941	0.051974	0.056135	0.089132	0.061982	0.038466	0.031006	0.057593	0.061413	0.038828	0.037794	0.051436	0.072372	0.061823	0.061512	0.114593	1028741.0	1028741.0
20	0.309708	0.191092	0.186446	0.312754	0.389853	0.145634	0.268573	0.271617	0.113523	0.051272	0.057092	0.087820	0.063674	0.038070	0.031993	0.057356	0.060383	0.037997	0.037575	0.050492	0.073561	0.061243	0.063001	0.114949	1028741.0	1028741.0
21	0.311141	0.188582	0.189661	0.310617	0.388926	0.146882	0.270371	0.271320	0.113428	0.051782	0.057146	0.088785	0.061704	0.038268	0.031659	0.056951	0.061602	0.038759	0.038196	0.051104	0.072046	0.061434	0.062470	0.114666	1028741.0	1028741.0
22	0.308779	0.190243	0.189470	0.311507	0.385739	0.148072	0.267757	0.272951	0.111761	0.052144	0.056966	0.087908	0.062407	0.038879	0.031606	0.057352	0.060875	0.039433	0.038155	0.051007	0.071881	0.062532	0.062905	0.114189	1028741.0	1028741.0
23	0.306925	0.192987	0.189632	0.310456	0.383290	0.148996	0.268303	0.269977	0.111745	0.051683	0.057150	0.086346	0.064260	0.038937	0.032520	0.057270	0.061097	0.039229	0.038310	0.050996	0.073032	0.061603	0.063655	0.112166	1028741.0	1028741.0
24	0.310134	0.191451	0.191635	0.306779	0.384769	0.148007	0.270785	0.269242	0.113372	0.052021	0.056914	0.087828	0.063244	0.038309	0.031959	0.057939	0.062038	0.039277	0.038462	0.051859	0.071437	0.060861	0.062348	0.112133	1028741.0	1028741.0
25	0.310091	0.190468	0.189683	0.309758	0.387485	0.146396	0.268827	0.272579	0.113176	0.051860	0.056735	0.088319	0.062964	0.038513	0.031494	0.057496	0.061362	0.038837	0.037553	0.051931	0.071664	0.062243	0.061525	0.114326	1028741.0	1028741.0
26	0.309167	0.191453	0.187307	0.312073	0.388227	0.146134	0.267545	0.273066	0.113319	0.051348	0.056603	0.087897	0.063388	0.038534	0.031772	0.057760	0.060295	0.038501	0.037327	0.051183	0.072677	0.062438	0.062623	0.114334	1028741.0	1028741.0
27	0.309680	0.190822	0.188325	0.311174	0.389531	0.145893	0.269263	0.273300	0.113918	0.051296	0.056484	0.087982	0.063376	0.038489	0.031510	0.057446	0.061192	0.038224	0.037669	0.051239	0.072248	0.061982	0.061561	0.115384	1028741.0	1028741.0
28	0.310734	0.189990	0.187224	0.312051	0.391290	0.145351	0.267836	0.274769	0.113696	0.051308	0.056335	0.089395	0.062333	0.038815	0.030984	0.057858	0.060565	0.038312	0.037240	0.051107	0.072091	0.061987	0.061865	0.116108	1028741.0	1028741.0
29	0.308685	0.190423	0.186424	0.314468	0.390901	0.145573	0.268029	0.273004	0.113549	0.051355	0.056444	0.087338	0.063015	0.038521	0.031538	0.057350	0.060413	0.037891	0.037624	0.050497	0.074501	0.061619	0.062834	0.115514	1028741.0	1028741.0
30	0.311477	0.189386	0.188439	0.310698	0.389786	0.146334	0.270542	0.270810	0.114025	0.051481	0.057253	0.088718	0.062735	0.038360	0.031451	0.056840	0.061083	0.038342	0.038182	0.050832	0.072740	0.061307	0.062348	0.114303	1028741.0	1028741.0
31	0.310584	0.189490	0.189233	0.310693	0.388725	0.146901	0.270311	0.271762	0.113795	0.051648	0.056952	0.088188	0.062014	0.038796	0.031373	0.057307	0.061443	0.038611	0.038120	0.051059	0.072854	0.061773	0.062180	0.113887	1028741.0	1028741.0
32	0.310106	0.190827	0.188626	0.310441	0.387231	0.147532	0.269998	0.267869	0.113443	0.051358	0.057422	0.087884	0.063420	0.038664	0.031983	0.056761	0.060762	0.038513	0.038372	0.050979	0.073980	0.060521	0.064016	0.111924	1028741.0	1028741.0
33	0.311604	0.189055	0.191793	0.307548	0.386025	0.147316	0.273304	0.266570	0.113647	0.051955	0.058100	0.087903	0.062802	0.038011	0.031497	0.056746	0.062416	0.038668	0.039141	0.051568	0.072791	0.060128	0.062944	0.111685	1028741.0	1028741.0
34	0.311656	0.188761	0.191682	0.307902	0.385721	0.147591	0.271734	0.267667	0.113419	0.052245	0.057781	0.088210	0.062583	0.038251	0.031174	0.056753	0.061628	0.039261	0.038906	0.051888	0.072562	0.061133	0.062677	0.111531	1028741.0	1028741.0
35	0.310192	0.190890	0.190538	0.308381	0.385709	0.147994	0.270780	0.266889	0.113136	0.051809	0.057427	0.087820	0.063642	0.038161	0.032256	0.056831	0.061500	0.038861	0.038716	0.051460	0.073319	0.060463	0.063165	0.111434	1028741.0	1028741.0
36	0.311597	0.189294	0.191563	0.307545	0.387191	0.146121	0.271720	0.267625	0.113628	0.051297	0.057702	0.088971	0.062986	0.037688	0.031202	0.057419	0.062118	0.038958	0.038273	0.052214	0.072743	0.060670	0.062283	0.111848	1028741.0	1028741.0
37	0.311475	0.188613	0.189460	0.310452	0.390204	0.145335	0.270223	0.269747	0.114175	0.051711	0.056558	0.089031	0.062354	0.038122	0.031042	0.057095	0.061563	0.038244	0.037927	0.051726	0.073572	0.061104	0.062350	0.113426	1028741.0	1028741.0
38	0.311663	0.189181	0.187877	0.311279	0.391116	0.144781	0.270201	0.269520	0.114414	0.051141	0.056977	0.089131	0.062926	0.037904	0.030914	0.057437	0.060780	0.037934	0.038030	0.051133	0.074108	0.060716	0.062992	0.113463	1028741.0	1028741.0
39	0.312228	0.187694	0.188912	0.311165	0.391225	0.145010	0.270880	0.270143	0.114536	0.051349	0.057148	0.089194	0.062174	0.037588	0.031244	0.056689	0.061286	0.038269	0.037909	0.051448	0.073395	0.061767	0.061904	0.114100	1028741.0	1028741.0
40	0.311390	0.188973	0.188206	0.311431	0.390547	0.145046	0.269754	0.271931	0.114175	0.051513	0.056720	0.088983	0.062392	0.038094	0.030981	0.057506	0.061089	0.038201	0.037770	0.051145	0.072834	0.061775	0.062266	0.114557	1028741.0	1028741.0
41	0.310489	0.189583	0.187737	0.312190	0.390312	0.145289	0.270318	0.270063	0.113950	0.051049	0.057311	0.088180	0.062778	0.038011	0.031521	0.057274	0.061070	0.037770	0.037987	0.050910	0.074297	0.060893	0.063115	0.113886	1028741.0	1028741.0
42	0.312094	0.187723	0.189934	0.310249	0.389441	0.145294	0.272651	0.267827	0.114158	0.051437	0.057940	0.088560	0.062653	0.037504	0.031125	0.056440	0.061979	0.038090	0.038574	0.051291	0.073608	0.060768	0.062757	0.113115	1028741.0	1028741.0
43	0.312398	0.187799	0.190397	0.309405	0.389392	0.145805	0.272790	0.268839	0.114532	0.051525	0.057692	0.088649	0.062086	0.037977	0.030751	0.056985	0.062020	0.038532	0.038545	0.051300	0.073386	0.061051	0.062143	0.112825	1028741.0	1028741.0
44	0.312024	0.189085	0.189131	0.309759	0.388620	0.146377	0.271435	0.267173	0.113808	0.051636	0.057870	0.088710	0.062732	0.038145	0.031339	0.056870	0.061118	0.038255	0.038638	0.051120	0.074284	0.060342	0.063316	0.111817	1028741.0	1028741.0
45	0.311942	0.188377	0.191164	0.308517	0.386748	0.147078	0.272613	0.267199	0.113325	0.051571	0.058321	0.088726	0.062174	0.038255	0.031291	0.056658	0.062235	0.038801	0.038732	0.051396	0.073577	0.061167	0.062652	0.111120	1028741.0	1028741.0
46	0.311312	0.189793	0.190996	0.307900	0.386919	0.146576	0.271257	0.268604	0.113553	0.051787	0.057142	0.088830	0.062563	0.038489	0.031050	0.057692	0.062265	0.038742	0.038296	0.051692	0.073313	0.061201	0.062163	0.111222	1028741.0	1028741.0
47	0.311695	0.190218	0.188651	0.309436	0.388893	0.145774	0.271116	0.267253	0.113464	0.051116	0.057922	0.089193	0.063401	0.038210	0.031524	0.057083	0.061518	0.037829	0.038212	0.051093	0.074727	0.060451	0.062750	0.111509	1028741.0	1028741.0
48	0.313110	0.187605	0.190407	0.308878	0.390029	0.144816	0.272510	0.267696	0.114268	0.051204	0.057784	0.089854	0.061949	0.037797	0.030715	0.057145	0.062437	0.038283	0.038021	0.051667	0.073843	0.060690	0.062280	0.112065	1028741.0	1028741.0
49	0.312496	0.187973	0.188801	0.310730	0.392113	0.144203	0.270329	0.270414	0.114436	0.051271	0.056840	0.089948	0.061795	0.038308	0.030269	0.057601	0.061433	0.038007	0.037620	0.051741	0.074592	0.061367	0.061634	0.113137	1028741.0	1028741.0
50	0.312256	0.188953	0.186363	0.312428	0.392225	0.143763	0.269873	0.268847	0.114502	0.051092	0.057246	0.089417	0.062904	0.037938	0.030867	0.057245	0.060712	0.037546	0.037413	0.050692	0.075544	0.060903	0.063219	0.112762	1028741.0	1028741.0
51	0.313662	0.187478	0.188744	0.310116	0.392550	0.143837	0.272625	0.267318	0.114838	0.051029	0.057785	0.090009	0.062367	0.037470	0.030577	0.057063	0.061887	0.037675	0.038115	0.051067	0.075113	0.060196	0.062218	0.112589	1028741.0	1028741.0
52	0.314206	0.186371	0.188695	0.310728	0.393254	0.143281	0.271546	0.268509	0.115035	0.051600	0.057249	0.090323	0.061472	0.037560	0.030008	0.057330	0.061450	0.037900	0.037813	0.051532	0.075214	0.060936	0.061896	0.112682	1028741.0	1028741.0
53	0.313171	0.187996	0.186965	0.311868	0.392518	0.143423	0.271492	0.267274	0.114717	0.051049	0.057939	0.089467	0.062712	0.037521	0.030363	0.057400	0.060892	0.037594	0.037944	0.050535	0.076780	0.060800	0.062734	0.111554	1028741.0	1028741.0
54	0.315101	0.186963	0.188981	0.308955	0.391670	0.144155	0.272966	0.265420	0.114577	0.051738	0.058328	0.090458	0.062201	0.037586	0.030426	0.056751	0.061499	0.037582	0.038562	0.051338	0.075554	0.060002	0.062318	0.111080	1028741.0	1028741.0
55	0.313832	0.186908	0.189633	0.309627	0.391958	0.144148	0.271483	0.267092	0.113931	0.051615	0.057626	0.090661	0.061712	0.038292	0.029898	0.057006	0.061867	0.037898	0.038060	0.051808	0.075956	0.060384	0.061877	0.111410	1028741.0	1028741.0
56	0.313466	0.188189	0.187460	0.310885	0.391833	0.143623	0.270417	0.265818	0.113329	0.051241	0.058041	0.090855	0.062822	0.037633	0.030599	0.057135	0.061224	0.037568	0.037823	0.050845	0.076873	0.060273	0.062962	0.110777	1028741.0	1028741.0
57	0.314248	0.186716	0.189425	0.309611	0.391242	0.143873	0.272122	0.265561	0.113657	0.051623	0.058319	0.090649	0.062109	0.037560	0.030092	0.056955	0.061758	0.037834	0.038388	0.051445	0.075950	0.060061	0.062614	0.110986	1028741.0	1028741.0
58	0.313474	0.187077	0.189413	0.310035	0.392252	0.143769	0.270185	0.267935	0.113450	0.051520	0.057301	0.091203	0.061534	0.038021	0.029902	0.057620	0.061589	0.038002	0.037844	0.051978	0.075947	0.060642	0.061794	0.111652	1028741.0	1028741.0
59	0.312521	0.188185	0.186841	0.312453	0.393094	0.142991	0.268692	0.266538	0.112845	0.051126	0.057609	0.090941	0.062789	0.037138	0.030624	0.057635	0.060578	0.037570	0.037660	0.051033	0.077907	0.060365	0.062780	0.111401	1028741.0	1028741.0
60	0.314119	0.186198	0.188672	0.311010	0.393475	0.142266	0.270597	0.265961	0.113323	0.051624	0.057643	0.091528	0.062370	0.037171	0.029553	0.057105	0.061621	0.037533	0.038010	0.051509	0.077236	0.060298	0.062089	0.111388	1028741.0	1028741.0
61	0.314551	0.186626	0.187294	0.311529	0.394916	0.142070	0.269723	0.267167	0.114321	0.051378	0.057438	0.091413	0.062120	0.037528	0.029460	0.057518	0.060493	0.037611	0.037470	0.051720	0.077175	0.060114	0.062233	0.112007	1028741.0	1028741.0
62	0.314109	0.186632	0.186602	0.312657	0.395790	0.141209	0.270048	0.265386	0.113849	0.051093	0.057864	0.091304	0.062973	0.037015	0.029715	0.056929	0.060752	0.036897	0.037583	0.051371	0.078707	0.059512	0.062508	0.111930	1028741.0	1028741.0
63	0.316281	0.184516	0.187670	0.311533	0.397665	0.140800	0.271791	0.264724	0.114718	0.051324	0.057651	0.092588	0.061922	0.036589	0.029308	0.056696	0.061750	0.037231	0.037672	0.051017	0.078207	0.059286	0.061888	0.112152	1028741.0	1028741.0
64	0.316598	0.184430	0.186519	0.312453	0.398088	0.140769	0.270712	0.266487	0.114197	0.051248	0.057800	0.093353	0.061097	0.037105	0.029325	0.056904	0.061346	0.036969	0.037370	0.050834	0.078303	0.060245	0.061671	0.112234	1028741.0	1028741.0
65	0.314943	0.185567	0.186165	0.313325	0.396889	0.140987	0.269808	0.265346	0.113856	0.051270	0.057809	0.092008	0.062136	0.036902	0.029521	0.057008	0.060691	0.037111	0.037453	0.050911	0.079291	0.059701	0.062598	0.111735	1028741.0	1028741.0
66	0.315974	0.184985	0.187380	0.311661	0.396360	0.140868	0.271033	0.264245	0.113956	0.051594	0.058178	0.092246	0.062029	0.036841	0.029426	0.056689	0.061493	0.037194	0.037407	0.051287	0.078959	0.059515	0.061986	0.111200	1028741.0	1028741.0
67	0.316436	0.185145	0.186998	0.311421	0.396592	0.140357	0.270559	0.265747	0.114009	0.051767	0.057609	0.093051	0.061813	0.037059	0.028758	0.057514	0.061347	0.036946	0.037594	0.051111	0.078281	0.059924	0.061966	0.111251	1028741.0	1028741.0
68	0.315451	0.185696	0.185927	0.312926	0.396594	0.140160	0.269585	0.264787	0.113512	0.051128	0.058115	0.092697	0.062534	0.036750	0.029262	0.057150	0.060697	0.036887	0.037261	0.051082	0.079295	0.059795	0.062745	0.111091	1028741.0	1028741.0
69	0.316038	0.184560	0.187382	0.312020	0.396736	0.140057	0.271237	0.263889	0.114080	0.051514	0.058180	0.092263	0.062482	0.036515	0.028970	0.056592	0.061410	0.037004	0.037567	0.051401	0.079313	0.059702	0.061925	0.111079	1028741.0	1028741.0
70	0.317286	0.184736	0.186643	0.311336	0.398119	0.139282	0.270734	0.265190	0.114768	0.051388	0.057930	0.093199	0.061978	0.036877	0.028528	0.057353	0.061097	0.036938	0.036938	0.051669	0.078834	0.059644	0.061541	0.111317	1028741.0	1028741.0
71	0.316677	0.184847	0.184938	0.313538	0.398395	0.138876	0.271013	0.264425	0.115025	0.051137	0.058231	0.092284	0.062414	0.036527	0.028895	0.057011	0.060655	0.036352	0.037102	0.050829	0.080067	0.059867	0.062584	0.111019	1028741.0	1028741.0
72	0.318161	0.183884	0.186812	0.311143	0.398611	0.138837	0.272058	0.263516	0.115306	0.051597	0.058147	0.093111	0.062439	0.036414	0.028326	0.056704	0.061345	0.036836	0.037260	0.051371	0.079129	0.059333	0.061617	0.111065	1028741.0	1028741.0
73	0.318219	0.184180	0.185350	0.312251	0.399299	0.138240	0.270914	0.265418	0.115140	0.051683	0.058015	0.093382	0.061887	0.036425	0.028518	0.057350	0.060839	0.036377	0.036920	0.051214	0.078905	0.059771	0.061703	0.111872	1028741.0	1028741.0
74	0.316772	0.184255	0.185155	0.313818	0.398821	0.139260	0.270050	0.264362	0.114221	0.051425	0.058309	0.092816	0.062020	0.036392	0.028747	0.057096	0.060221	0.036822	0.037299	0.050814	0.080186	0.059277	0.062757	0.111597	1028741.0	1028741.0
75	0.316649	0.183916	0.187112	0.312323	0.397299	0.139892	0.272098	0.264046	0.114248	0.051512	0.058565	0.092324	0.062054	0.036600	0.028692	0.056570	0.061531	0.036846	0.037754	0.050982	0.079436	0.059584	0.062011	0.111291	1028741.0	1028741.0
76	0.317268	0.184543	0.187022	0.311167	0.396237	0.139160	0.271419	0.265637	0.114232	0.051957	0.058366	0.092714	0.062038	0.036805	0.028603	0.057097	0.061657	0.036587	0.037165	0.051613	0.077838	0.060282	0.061594	0.111453	1028741.0	1028741.0
77	0.315765	0.185632	0.185727	0.312877	0.395480	0.139284	0.270029	0.264133	0.113616	0.051565	0.058370	0.092214	0.063158	0.036482	0.029015	0.056976	0.060778	0.036521	0.037265	0.051163	0.079093	0.060116	0.063110	0.110557	1028741.0	1028741.0
78	0.316644	0.184685	0.187761	0.310910	0.395121	0.139706	0.272346	0.263161	0.113687	0.051545	0.058992	0.092422	0.062768	0.036554	0.028687	0.056676	0.062013	0.036809	0.037656	0.051283	0.078609	0.059526	0.062371	0.110404	1028741.0	1028741.0
79	0.317076	0.184434	0.187705	0.310785	0.396056	0.139651	0.271658	0.264935	0.114840	0.051304	0.058108	0.092823	0.062272	0.036856	0.028412	0.056894	0.061262	0.036935	0.037448	0.052060	0.077644	0.060437	0.061955	0.110748	1028741.0	1028741.0
80	0.316019	0.185533	0.185923	0.312525	0.397162	0.139453	0.271001	0.264006	0.114532	0.051229	0.058127	0.092131	0.062884	0.036598	0.028988	0.057063	0.060992	0.036517	0.037350	0.051064	0.079651	0.059497	0.062529	0.110848	1028741.0	1028741.0
81	0.318059	0.183841	0.186994	0.311106	0.398227	0.138677	0.272810	0.262988	0.115207	0.051307	0.058547	0.092997	0.062378	0.036204	0.028668	0.056591	0.061706	0.036455	0.037350	0.051482	0.079019	0.059190	0.061894	0.111004	1028741.0	1028741.0
82	0.318310	0.183157	0.186459	0.312074	0.398008	0.137956	0.271834	0.265229	0.114991	0.051786	0.058283	0.093251	0.061864	0.036241	0.028103	0.056948	0.061594	0.036645	0.036967	0.051254	0.078282	0.060556	0.061752	0.111484	1028741.0	1028741.0
83	0.316731	0.185227	0.185105	0.312937	0.397889	0.138669	0.270919	0.263851	0.114570	0.051144	0.058576	0.092440	0.063126	0.036468	0.028824	0.056810	0.060782	0.036387	0.036990	0.050946	0.079697	0.059391	0.062667	0.111182	1028741.0	1028741.0
84	0.318175	0.183390	0.187057	0.311378	0.397156	0.138462	0.273039	0.263511	0.114746	0.051483	0.058983	0.092963	0.062471	0.036411	0.028072	0.056436	0.061875	0.036544	0.037435	0.051203	0.078600	0.059817	0.062114	0.110847	1028741.0	1028741.0
85	0.317691	0.184255	0.186604	0.311450	0.396838	0.138845	0.271404	0.265476	0.114880	0.051795	0.057970	0.093046	0.062087	0.036769	0.028129	0.057271	0.061273	0.036667	0.037281	0.051383	0.077757	0.060280	0.062257	0.111155	1028741.0	1028741.0
86	0.315997	0.185512	0.185636	0.312855	0.396583	0.138874	0.270100	0.264523	0.114066	0.051389	0.058216	0.092326	0.063180	0.036356	0.028687	0.057288	0.060584	0.036595	0.037235	0.051222	0.079121	0.059809	0.062855	0.111070	1028741.0	1028741.0
87	0.316951	0.184149	0.186994	0.311906	0.395871	0.139104	0.271823	0.264096	0.114103	0.051746	0.059025	0.092078	0.062453	0.036318	0.028612	0.056766	0.061483	0.036962	0.037212	0.051337	0.078539	0.059859	0.062357	0.111152	1028741.0	1028741.0
88	0.316577	0.184884	0.187206	0.311333	0.396041	0.139317	0.270653	0.265873	0.114305	0.052018	0.057649	0.092605	0.062204	0.036855	0.028463	0.057362	0.061480	0.036780	0.037219	0.051726	0.077875	0.060399	0.061803	0.111256	1028741.0	1028741.0
89	0.315864	0.186052	0.185134	0.312950	0.396084	0.138451	0.269941	0.264204	0.114111	0.051413	0.058414	0.091925	0.063502	0.036702	0.028711	0.057137	0.060488	0.036110	0.036928	0.051609	0.079666	0.059984	0.062919	0.110382	1028741.0	1028741.0
90	0.317767	0.184210	0.186971	0.311052	0.396419	0.137880	0.272491	0.263530	0.115113	0.051852	0.058448	0.092355	0.063123	0.036156	0.028061	0.056870	0.061719	0.036451	0.037212	0.051589	0.078338	0.059892	0.062209	0.110613	1028741.0	1028741.0
91	0.318293	0.184351	0.185930	0.311426	0.396948	0.138080	0.270820	0.264412	0.114500	0.052034	0.058264	0.093495	0.062386	0.036849	0.028257	0.056859	0.061362	0.036281	0.036693	0.051593	0.078700	0.060451	0.062022	0.110253	1028741.0	1028741.0
92	0.316949	0.185614	0.185237	0.312200	0.396689	0.139124	0.270700	0.263648	0.114545	0.051821	0.058129	0.092454	0.063280	0.036465	0.028781	0.057088	0.060616	0.036469	0.037410	0.050743	0.079460	0.059864	0.062646	0.110230	1028741.0	1028741.0
93	0.317901	0.184619	0.186965	0.310515	0.395506	0.138807	0.272600	0.263394	0.114567	0.051535	0.058993	0.092806	0.063027	0.036614	0.028543	0.056436	0.061675	0.036286	0.037364	0.051640	0.077963	0.060175	0.062207	0.110170	1028741.0	1028741.0
94	0.317232	0.184609	0.187107	0.311051	0.395685	0.138638	0.271662	0.264558	0.114200	0.052302	0.058447	0.092284	0.062569	0.036534	0.028273	0.057233	0.061722	0.036538	0.037293	0.051554	0.078708	0.060298	0.061552	0.110493	1028741.0	1028741.0
95	0.317198	0.185672	0.185566	0.311564	0.396395	0.139188	0.271160	0.264191	0.114311	0.051627	0.058461	0.092800	0.063103	0.036899	0.028642	0.057027	0.061042	0.036300	0.037347	0.050878	0.078666	0.059646	0.062634	0.110619	1028741.0	1028741.0
96	0.317122	0.184472	0.187083	0.311323	0.395107	0.138644	0.271824	0.262959	0.114423	0.052138	0.058492	0.092068	0.063296	0.036529	0.028421	0.056226	0.061655	0.036440	0.037254	0.051734	0.078456	0.060044	0.062663	0.110160	1028741.0	1028741.0
97	0.317830	0.185152	0.186830	0.310188	0.394715	0.138790	0.271517	0.265233	0.114568	0.052258	0.058469	0.092535	0.062568	0.036801	0.028196	0.057587	0.061206	0.036518	0.037275	0.051831	0.077332	0.060566	0.062011	0.110278	1028741.0	1028741.0
98	0.315674	0.186144	0.185950	0.312232	0.394511	0.138922	0.270639	0.263813	0.113658	0.051428	0.058758	0.091830	0.063555	0.036619	0.028888	0.057082	0.060969	0.036163	0.037253	0.051565	0.078903	0.059992	0.063217	0.110120	1028741.0	1028741.0
99	0.317086	0.184201	0.188116	0.310597	0.393910	0.139172	0.272494	0.262299	0.113923	0.052185	0.059029	0.091948	0.063109	0.036460	0.028409	0.056223	0.062035	0.036796	0.037507	0.051778	0.078410	0.059988	0.062571	0.109628	1028741.0	1028741.0
100	0.317477	0.185430	0.187516	0.309577	0.394831	0.139298	0.272171	0.264630	0.114448	0.052078	0.058307	0.092644	0.063062	0.037021	0.028253	0.057094	0.061928	0.036537	0.037488	0.051563	0.077451	0.060227	0.061611	0.110288	1028741.0	1028741.0
101	0.316888	0.185863	0.185659	0.311590	0.394866	0.138549	0.270722	0.263442	0.114185	0.051905	0.058807	0.091991	0.063652	0.036795	0.028584	0.056832	0.060799	0.036237	0.036932	0.051691	0.078818	0.059943	0.062957	0.109872	1028741.0	1028741.0
102	0.317453	0.184881	0.187279	0.310386	0.394552	0.138878	0.272590	0.264094	0.114415	0.051883	0.059113	0.092043	0.063102	0.036759	0.028401	0.056619	0.061649	0.036304	0.037414	0.051913	0.077647	0.060268	0.062023	0.110448	1028741.0	1028741.0
103	0.316813	0.185214	0.186951	0.311022	0.394506	0.139212	0.271363	0.264826	0.114359	0.052057	0.058486	0.091911	0.062913	0.036983	0.028391	0.056927	0.061189	0.036510	0.037328	0.051924	0.077991	0.060672	0.062115	0.110243	1028741.0	1028741.0
104	0.316453	0.186222	0.186320	0.311005	0.395141	0.139113	0.271293	0.264367	0.114079	0.051636	0.058436	0.092302	0.063690	0.037128	0.028536	0.056869	0.061373	0.036044	0.037405	0.051498	0.078035	0.059646	0.062600	0.110725	1028741.0	1028741.0
105	0.317177	0.184454	0.186976	0.311393	0.394394	0.139072	0.272305	0.264073	0.114241	0.052127	0.058849	0.091961	0.062944	0.036604	0.028515	0.056390	0.061778	0.036516	0.037437	0.051245	0.077912	0.060799	0.062402	0.110280	1028741.0	1028741.0
106	0.316875	0.186045	0.187204	0.309877	0.393349	0.139974	0.271293	0.265359	0.113859	0.052383	0.058556	0.092077	0.063064	0.037410	0.028240	0.057330	0.061269	0.036715	0.037609	0.051611	0.077238	0.060444	0.062019	0.110175	1028741.0	1028741.0
107	0.315430	0.186952	0.186425	0.311193	0.392397	0.139655	0.270545	0.263890	0.113221	0.052047	0.058900	0.091262	0.063916	0.036995	0.028979	0.057062	0.061287	0.036544	0.037138	0.051457	0.078054	0.059972	0.063307	0.109860	1028741.0	1028741.0
108	0.316477	0.185558	0.188323	0.309642	0.391947	0.139930	0.272238	0.263511	0.113442	0.052542	0.059004	0.091490	0.063546	0.036949	0.028591	0.056472	0.062111	0.036709	0.037681	0.051823	0.077080	0.060154	0.062472	0.109936	1028741.0	1028741.0
109	0.316178	0.186354	0.187748	0.309720	0.392112	0.139950	0.271424	0.265312	0.113675	0.052002	0.058766	0.091734	0.063368	0.037212	0.028189	0.057586	0.061372	0.036938	0.037611	0.051826	0.076956	0.060767	0.062250	0.109747	1028741.0	1028741.0
110	0.315371	0.186920	0.186816	0.310894	0.392800	0.139552	0.271169	0.263956	0.113566	0.052029	0.058685	0.091091	0.064004	0.037027	0.028761	0.057127	0.061384	0.036230	0.037534	0.051668	0.078076	0.059735	0.063016	0.110067	1028741.0	1028741.0
111	0.317030	0.185020	0.187997	0.309953	0.392868	0.139893	0.272572	0.263541	0.113955	0.052198	0.059276	0.091601	0.062865	0.036929	0.028622	0.056604	0.061824	0.036826	0.037517	0.051830	0.077210	0.059906	0.062735	0.110102	1028741.0	1028741.0
112	0.315854	0.185858	0.188150	0.310137	0.392295	0.139966	0.271664	0.265660	0.113824	0.052075	0.058382	0.091573	0.062907	0.037347	0.028410	0.057194	0.061952	0.036703	0.037506	0.051989	0.076774	0.060995	0.062244	0.110124	1028741.0	1028741.0
113	0.315457	0.187120	0.186543	0.310880	0.392038	0.139753	0.271262	0.264509	0.113626	0.051804	0.059045	0.090982	0.063891	0.036802	0.028725	0.057702	0.060994	0.036629	0.037596	0.051323	0.077892	0.060467	0.062983	0.109538	1028741.0	1028741.0
114	0.316403	0.185703	0.188350	0.309544	0.391872	0.139887	0.272064	0.263970	0.113373	0.052155	0.059163	0.091713	0.063139	0.036757	0.028652	0.057154	0.061843	0.036793	0.037686	0.052029	0.077061	0.060334	0.062424	0.109725	1028741.0	1028741.0
115	0.315416	0.186038	0.187925	0.310621	0.392117	0.139928	0.270974	0.266100	0.113014	0.052109	0.058785	0.091507	0.062891	0.037397	0.028524	0.057225	0.061875	0.036707	0.037300	0.052043	0.077025	0.060906	0.062119	0.110571	1028741.0	1028741.0
116	0.314805	0.187120	0.186728	0.311347	0.391272	0.140114	0.270243	0.264379	0.113065	0.052205	0.058702	0.090833	0.064042	0.037182	0.028774	0.057121	0.060918	0.036600	0.037558	0.051652	0.077915	0.060617	0.063356	0.109459	1028741.0	1028741.0
117	0.315941	0.186604	0.188389	0.309066	0.390845	0.140861	0.271824	0.263388	0.113132	0.052646	0.058801	0.091361	0.063576	0.037271	0.028757	0.057000	0.061879	0.036822	0.038012	0.051678	0.077198	0.059965	0.062750	0.109153	1028741.0	1028741.0
118	0.315785	0.186703	0.188320	0.309192	0.391062	0.140473	0.270913	0.265077	0.113085	0.052510	0.058672	0.091519	0.063415	0.037371	0.028230	0.057687	0.061603	0.037319	0.037553	0.051845	0.076945	0.060506	0.062228	0.109513	1028741.0	1028741.0
119	0.315048	0.187706	0.186682	0.310564	0.391408	0.140686	0.270322	0.264868	0.113266	0.051899	0.058955	0.090929	0.063651	0.037427	0.028919	0.057709	0.060601	0.036839	0.037500	0.051741	0.077891	0.060410	0.062941	0.109322	1028741.0	1028741.0
120	0.315409	0.186576	0.188315	0.309701	0.390328	0.140138	0.271209	0.264690	0.112454	0.052772	0.058982	0.091201	0.063797	0.037011	0.028494	0.057273	0.061877	0.036736	0.037897	0.051805	0.076699	0.060431	0.062597	0.109974	1028741.0	1028741.0
121	0.314827	0.186951	0.187970	0.310253	0.390966	0.140658	0.270035	0.266784	0.112968	0.052464	0.058173	0.091221	0.063109	0.037629	0.028538	0.057675	0.061446	0.037044	0.037448	0.052032	0.076648	0.061352	0.062124	0.110129	1028741.0	1028741.0
122	0.314171	0.188489	0.186283	0.311057	0.391473	0.140790	0.269584	0.265732	0.112464	0.051837	0.058644	0.091227	0.064221	0.037565	0.029182	0.057520	0.060843	0.036409	0.037633	0.051398	0.077781	0.060645	0.062630	0.110001	1028741.0	1028741.0
123	0.315309	0.186456	0.188089	0.310146	0.390622	0.140476	0.271510	0.264884	0.113032	0.052345	0.058808	0.091124	0.063397	0.037190	0.028634	0.057235	0.061564	0.036546	0.038106	0.051874	0.076763	0.060756	0.062924	0.109703	1028741.0	1028741.0
124	0.314756	0.186836	0.188472	0.309936	0.390251	0.140542	0.270313	0.266224	0.112624	0.052362	0.058407	0.091362	0.063272	0.037215	0.028518	0.057831	0.061488	0.037014	0.037794	0.052176	0.076394	0.061308	0.062364	0.109870	1028741.0	1028741.0
125	0.313778	0.187900	0.187083	0.311240	0.390053	0.140726	0.269399	0.266116	0.112295	0.052341	0.058815	0.090328	0.063511	0.037318	0.028920	0.058151	0.060913	0.037111	0.037377	0.051682	0.077325	0.060541	0.063269	0.110105	1028741.0	1028741.0
126	0.314043	0.187311	0.188380	0.310266	0.389764	0.140843	0.270337	0.265840	0.112075	0.052336	0.058752	0.090880	0.063385	0.037452	0.028677	0.057798	0.061916	0.037121	0.037594	0.051749	0.076754	0.060535	0.062922	0.110055	1028741.0	1028741.0
127	0.314131	0.187444	0.187944	0.310481	0.390207	0.140753	0.269739	0.266703	0.112549	0.052456	0.058260	0.090865	0.063516	0.037730	0.028538	0.057661	0.061633	0.037187	0.037298	0.051826	0.076686	0.061206	0.062483	0.110106	1028741.0	1028741.0
128	0.314383	0.188579	0.186579	0.310459	0.390389	0.141492	0.269251	0.265527	0.112398	0.052200	0.058821	0.090965	0.063908	0.037720	0.029234	0.057717	0.060463	0.036969	0.037569	0.051577	0.077524	0.060588	0.062845	0.109503	1028741.0	1028741.0
129	0.314293	0.187477	0.188469	0.309761	0.389220	0.140832	0.270151	0.265182	0.111897	0.052595	0.058857	0.090943	0.063808	0.037442	0.028611	0.057616	0.061656	0.037039	0.037740	0.052034	0.076676	0.060420	0.062960	0.109704	1028741.0	1028741.0
130	0.314037	0.187497	0.188169	0.310297	0.390179	0.140600	0.269771	0.267402	0.112173	0.052187	0.058418	0.091259	0.063385	0.037476	0.028429	0.058207	0.061735	0.037249	0.037446	0.051739	0.076235	0.061207	0.062343	0.110512	1028741.0	1028741.0
131	0.313528	0.188119	0.186636	0.311717	0.390691	0.140218	0.268775	0.265848	0.111881	0.051913	0.058488	0.091246	0.064211	0.037342	0.028846	0.057721	0.060925	0.036550	0.037481	0.051681	0.077473	0.060695	0.063458	0.110091	1028741.0	1028741.0
132	0.314490	0.186499	0.188273	0.310738	0.390399	0.140064	0.270178	0.265714	0.112297	0.051964	0.058828	0.091401	0.063525	0.037167	0.028424	0.057383	0.061453	0.036874	0.037599	0.052347	0.076807	0.061272	0.062766	0.109893	1028741.0	1028741.0
133	0.314083	0.187276	0.187618	0.311023	0.390985	0.140160	0.268669	0.266997	0.112099	0.052282	0.058009	0.091693	0.063584	0.037128	0.028523	0.058042	0.061212	0.037159	0.037350	0.051897	0.076683	0.061318	0.062512	0.110510	1028741.0	1028741.0
134	0.313577	0.187887	0.186394	0.312142	0.390334	0.140634	0.268759	0.265626	0.111830	0.052245	0.058620	0.090882	0.063712	0.037330	0.029132	0.057713	0.060761	0.036624	0.037548	0.051461	0.077791	0.060751	0.063768	0.109831	1028741.0	1028741.0
135	0.314094	0.186951	0.189068	0.309888	0.388962	0.140989	0.270772	0.265061	0.111840	0.052179	0.059123	0.090952	0.063541	0.037212	0.028744	0.057454	0.061971	0.037194	0.037838	0.052065	0.076645	0.060870	0.062848	0.109525	1028741.0	1028741.0
136	0.313996	0.187455	0.188553	0.309995	0.389489	0.140759	0.269914	0.266654	0.112162	0.052205	0.058664	0.090966	0.063701	0.037438	0.028521	0.057795	0.061620	0.037332	0.037468	0.052133	0.076036	0.061096	0.062539	0.110325	1028741.0	1028741.0
137	0.313519	0.188071	0.187192	0.311218	0.388889	0.140950	0.269047	0.265707	0.111540	0.052173	0.059110	0.090695	0.063916	0.037557	0.028948	0.057650	0.060654	0.036702	0.037743	0.052093	0.077004	0.060851	0.063714	0.109650	1028741.0	1028741.0
138	0.313114	0.187283	0.189515	0.310088	0.387983	0.141782	0.270003	0.265844	0.111410	0.052577	0.058871	0.090256	0.063544	0.037560	0.028644	0.057535	0.061577	0.037433	0.038145	0.052360	0.076627	0.061058	0.062713	0.109690	1028741.0	1028741.0
139	0.313158	0.188629	0.188372	0.309842	0.388304	0.140888	0.268761	0.267021	0.111697	0.052556	0.058195	0.090709	0.063981	0.037844	0.028625	0.058178	0.061610	0.037160	0.037258	0.052344	0.076173	0.061273	0.062671	0.109725	1028741.0	1028741.0
140	0.313461	0.188834	0.186750	0.310956	0.389430	0.140435	0.268642	0.265497	0.111648	0.052185	0.058648	0.090979	0.064536	0.037306	0.028961	0.058031	0.061073	0.036896	0.037273	0.051509	0.077486	0.060843	0.063309	0.109317	1028741.0	1028741.0
141	0.314743	0.187230	0.188191	0.309836	0.389190	0.140629	0.270681	0.265978	0.111983	0.052639	0.059005	0.091116	0.063327	0.037421	0.028577	0.057905	0.061848	0.036786	0.037845	0.051712	0.076416	0.060976	0.062769	0.109676	1028741.0	1028741.0
